frame_index,time,vehicle_num,vehicle_num_l,vehicle_num_r
0,0.0,0,0,0
25,1.0,5,1,4
50,2.0,6,1,5
75,3.0,4,1,3
100,4.0,3,1,2
125,5.0,3,0,3
150,6.0,2,0,2
175,7.0,2,1,1
200,8.0,1,0,1
225,9.0,6,2,4
250,10.0,6,3,3
275,11.0,2,2,0
300,12.0,3,3,0
325,13.0,4,3,1
350,14.0,5,4,1
375,15.0,5,4,1
400,16.0,7,6,1
425,17.0,7,6,1
450,18.0,4,3,1
475,19.0,5,2,3
500,20.0,6,4,2
525,21.0,7,5,2
550,22.0,6,4,2
575,23.0,4,4,0
600,24.0,6,5,1
625,25.0,5,3,2
650,26.0,5,2,3
675,27.0,4,1,3
700,28.0,3,0,3
725,29.0,3,0,3
750,30.0,3,0,3
775,31.0,6,3,3
800,32.0,8,4,4
825,33.0,6,3,3
850,34.0,6,3,3
875,35.0,7,2,5
900,36.0,6,3,3
925,37.0,8,7,1
950,38.0,9,6,3
975,39.0,8,6,2
1000,40.0,8,4,4
1025,41.0,7,4,3
1050,42.0,5,3,2
1075,43.0,4,1,3
1100,44.0,6,2,4
1125,45.0,9,3,6
1150,46.0,11,4,7
1175,47.0,9,3,6
1200,48.0,7,3,4
1225,49.0,8,3,5
1250,50.0,3,1,2
1275,51.0,5,0,5
1300,52.0,4,1,3
1325,53.0,6,2,4
1350,54.0,4,1,3
1375,55.0,4,3,1
1400,56.0,5,2,3
1425,57.0,5,2,3
1450,58.0,6,1,5
1475,59.0,7,2,5
1500,60.0,8,2,6
1525,61.0,11,7,4
1550,62.0,9,5,4
1575,63.0,10,4,6
1600,64.0,8,4,4
1625,65.0,3,2,1
1650,66.0,7,3,4
1675,67.0,6,2,4
1700,68.0,8,4,4
1725,69.0,12,4,8
1750,70.0,10,3,7
1775,71.0,8,1,7
1800,72.0,6,1,5
1825,73.0,6,1,5
1850,74.0,14,7,7
1875,75.0,9,5,4
1900,76.0,6,2,4
1925,77.0,7,2,5
1950,78.0,6,1,5
1975,79.0,6,1,5
2000,80.0,3,1,2
2025,81.0,10,4,6
2050,82.0,9,5,4
2075,83.0,9,4,5
2100,84.0,11,4,7
2125,85.0,16,6,10
2150,86.0,14,5,9
2175,87.0,13,3,10
2200,88.0,12,3,9
2225,89.0,10,3,7
2250,90.0,6,1,5
2275,91.0,10,3,7
2300,92.0,13,5,8
2325,93.0,12,3,9
2350,94.0,12,3,9
2375,95.0,13,1,12
2400,96.0,13,1,12
2425,97.0,11,0,11
2450,98.0,14,1,13
2475,99.0,9,1,8
2500,100.0,12,1,11
2525,101.0,15,1,14
2550,102.0,13,2,11
2575,103.0,14,3,11
2600,104.0,13,4,9
2625,105.0,12,3,9
2650,106.0,10,4,6
2675,107.0,15,2,13
2700,108.0,11,1,10
2725,109.0,13,1,12
2750,110.0,14,2,12
2775,111.0,15,2,13
2800,112.0,19,2,17
2825,113.0,14,1,13
2850,114.0,17,2,15
2875,115.0,14,2,12
2900,116.0,14,1,13
2925,117.0,12,2,10
2950,118.0,13,2,11
2975,119.0,11,1,10
3000,120.0,9,0,9
3025,121.0,10,1,9
3050,122.0,10,3,7
3075,123.0,13,3,10
3100,124.0,12,4,8
3125,125.0,9,3,6
3150,126.0,4,1,3
3175,127.0,8,2,6
3200,128.0,6,2,4
3225,129.0,6,3,3
3250,130.0,9,4,5
3275,131.0,11,5,6
3300,132.0,9,3,6
3325,133.0,9,3,6
3350,134.0,6,2,4
3375,135.0,5,1,4
3400,136.0,8,4,4
3425,137.0,8,3,5
3450,138.0,3,2,1
3475,139.0,2,0,2
3500,140.0,2,0,2
3525,141.0,6,1,5
3550,142.0,4,1,3
3575,143.0,5,2,3
3600,144.0,4,2,2
3625,145.0,1,1,0
3650,146.0,0,0,0
3675,147.0,3,1,2
3700,148.0,3,1,2
3725,149.0,5,1,4
3750,150.0,5,1,4
3775,151.0,8,5,3
3800,152.0,7,2,5
3825,153.0,8,4,4
3850,154.0,5,2,3
3875,155.0,8,4,4
3900,156.0,9,4,5
3925,157.0,4,3,1
3950,158.0,4,3,1
3975,159.0,5,4,1
4000,160.0,6,4,2
4025,161.0,4,2,2
4050,162.0,3,2,1
4075,163.0,3,3,0
4100,164.0,3,2,1
4125,165.0,4,1,3
4150,166.0,5,2,3
4175,167.0,5,2,3
4200,168.0,3,0,3
4225,169.0,1,0,1
4250,170.0,1,0,1
4275,171.0,9,4,5
4300,172.0,10,4,6
4325,173.0,8,4,4
4350,174.0,7,3,4
4375,175.0,8,6,2
4400,176.0,6,4,2
4425,177.0,6,4,2
4450,178.0,5,3,2
4475,179.0,3,0,3
4500,180.0,7,1,6
4525,181.0,6,4,2
4550,182.0,6,4,2
4575,183.0,5,4,1
4600,184.0,3,3,0
4625,185.0,3,1,2
4650,186.0,3,2,1
4675,187.0,3,2,1
4700,188.0,2,1,1
4725,189.0,1,1,0
4750,190.0,1,1,0
4775,191.0,4,2,2
4800,192.0,3,2,1
4825,193.0,5,3,2
4850,194.0,3,3,0
4875,195.0,5,4,1
4900,196.0,3,2,1
4925,197.0,3,2,1
4950,198.0,5,4,1
4975,199.0,3,2,1
5000,200.0,3,1,2
5025,201.0,3,1,2
5050,202.0,2,1,1
5075,203.0,3,2,1
5100,204.0,4,2,2
5125,205.0,3,1,2
5150,206.0,0,0,0
5175,207.0,3,2,1
5200,208.0,5,2,3
5225,209.0,5,3,2
5250,210.0,6,3,3
5275,211.0,5,1,4
5300,212.0,4,2,2
5325,213.0,5,2,3
5350,214.0,7,3,4
5375,215.0,9,5,4
5400,216.0,5,3,2
5425,217.0,5,4,1
5450,218.0,5,3,2
5475,219.0,6,3,3
5500,220.0,6,4,2
5525,221.0,5,4,1
5550,222.0,3,2,1
5575,223.0,3,2,1
5600,224.0,2,2,0
5625,225.0,4,2,2
5650,226.0,3,1,2
5675,227.0,4,1,3
5700,228.0,1,1,0
5725,229.0,0,0,0
5750,230.0,1,0,1
5775,231.0,4,0,4
5800,232.0,6,1,5
5825,233.0,8,2,6
5850,234.0,8,1,7
5875,235.0,6,2,4
5900,236.0,9,4,5
5925,237.0,8,4,4
5950,238.0,4,3,1
5975,239.0,6,4,2
6000,240.0,4,1,3
6025,241.0,7,4,3
6050,242.0,7,4,3
6075,243.0,5,3,2
6100,244.0,5,5,0
6125,245.0,6,5,1
6150,246.0,7,4,3
6175,247.0,9,6,3
6200,248.0,10,6,4
6225,249.0,9,5,4
6250,250.0,3,1,2
6275,251.0,5,2,3
6300,252.0,6,1,5
6325,253.0,8,1,7
6350,254.0,7,1,6
6375,255.0,6,3,3
6400,256.0,5,3,2
6425,257.0,4,3,1
6450,258.0,7,6,1
6475,259.0,6,6,0
6500,260.0,5,4,1
6525,261.0,3,2,1
6550,262.0,8,4,4
6575,263.0,5,2,3
6600,264.0,10,4,6
6625,265.0,8,2,6
6650,266.0,4,1,3
6675,267.0,5,2,3
6700,268.0,6,1,5
6725,269.0,7,1,6
6750,270.0,6,1,5
6775,271.0,8,1,7
6800,272.0,5,2,3
6825,273.0,10,3,7
6850,274.0,10,1,9
6875,275.0,6,1,5
6900,276.0,4,0,4
6925,277.0,6,1,5
6950,278.0,6,1,5
6975,279.0,6,1,5
7000,280.0,6,3,3
7025,281.0,6,2,4
7050,282.0,7,1,6
7075,283.0,6,1,5
7100,284.0,9,1,8
7125,285.0,9,1,8
7150,286.0,9,1,8
7175,287.0,10,0,10
7200,288.0,10,1,9
7225,289.0,10,3,7
7250,290.0,10,1,9
7275,291.0,10,2,8
7300,292.0,12,4,8
7325,293.0,9,2,7
7350,294.0,2,0,2
7375,295.0,6,1,5
7400,296.0,3,2,1
7425,297.0,4,2,2
7450,298.0,3,2,1
7475,299.0,3,1,2
7500,300.0,4,2,2
7525,301.0,3,3,0
7550,302.0,3,3,0
7575,303.0,2,1,1
7600,304.0,3,1,2
7625,305.0,2,1,1
7650,306.0,4,2,2
7675,307.0,5,2,3
7700,308.0,4,1,3
7725,309.0,3,0,3
7750,310.0,3,0,3
7775,311.0,1,1,0
7800,312.0,4,4,0
7825,313.0,5,3,2
7850,314.0,2,2,0
7875,315.0,2,2,0
7900,316.0,3,2,1
7925,317.0,5,3,2
7950,318.0,5,2,3
7975,319.0,4,3,1
8000,320.0,4,2,2
8025,321.0,5,1,4
8050,322.0,8,2,6
8075,323.0,7,2,5
8100,324.0,11,3,8
8125,325.0,6,2,4
8150,326.0,4,1,3
8175,327.0,4,1,3
8200,328.0,6,1,5
8225,329.0,4,0,4
8250,330.0,5,0,5
8275,331.0,8,0,8
8300,332.0,8,0,8
8325,333.0,9,0,9
8350,334.0,11,0,11
8375,335.0,10,2,8
8400,336.0,8,2,6
8425,337.0,11,4,7
8450,338.0,7,3,4
8475,339.0,6,3,3
8500,340.0,1,1,0
8525,341.0,1,1,0
8550,342.0,2,2,0
8575,343.0,2,2,0
8600,344.0,5,3,2
8625,345.0,5,4,1
8650,346.0,4,3,1
8675,347.0,4,2,2
8700,348.0,6,3,3
8725,349.0,6,2,4
8750,350.0,7,2,5
8775,351.0,4,1,3
8800,352.0,5,2,3
8825,353.0,7,3,4
8850,354.0,8,3,5
8875,355.0,8,4,4
8900,356.0,8,3,5
8925,357.0,10,3,7
8950,358.0,7,2,5
8975,359.0,3,2,1
9000,360.0,4,1,3
9025,361.0,5,0,5
9050,362.0,6,0,6
9075,363.0,6,1,5
9100,364.0,8,1,7
9125,365.0,10,2,8
9150,366.0,5,1,4
9175,367.0,3,1,2
9200,368.0,2,2,0
9225,369.0,5,3,2
9250,370.0,7,4,3
9275,371.0,10,3,7
9300,372.0,8,1,7
9325,373.0,10,0,10
9350,374.0,9,1,8
9375,375.0,10,2,8
9400,376.0,6,1,5
9425,377.0,10,2,8
9450,378.0,10,4,6
9475,379.0,16,9,7
9500,380.0,8,4,4
9525,381.0,9,5,4
9550,382.0,7,4,3
9575,383.0,7,3,4
9600,384.0,6,3,3
9625,385.0,8,3,5
9650,386.0,9,2,7
9675,387.0,7,1,6
9700,388.0,9,2,7
9725,389.0,6,0,6
9750,390.0,7,2,5
9775,391.0,7,2,5
9800,392.0,9,4,5
9825,393.0,6,4,2
9850,394.0,9,1,8
9875,395.0,8,0,8
9900,396.0,6,1,5
9925,397.0,5,3,2
9950,398.0,7,3,4
9975,399.0,7,4,3
10000,400.0,3,2,1
10025,401.0,4,2,2
10050,402.0,3,3,0
10075,403.0,2,0,2
10100,404.0,7,3,4
10125,405.0,6,2,4
10150,406.0,7,5,2
10175,407.0,5,3,2
10200,408.0,10,7,3
10225,409.0,5,2,3
10250,410.0,6,2,4
10275,411.0,8,3,5
10300,412.0,7,2,5
10325,413.0,8,1,7
10350,414.0,9,2,7
10375,415.0,8,2,6
10400,416.0,8,1,7
10425,417.0,6,0,6
10450,418.0,4,0,4
10475,419.0,4,1,3
10500,420.0,5,2,3
10525,421.0,5,1,4
10550,422.0,4,1,3
10575,423.0,6,4,2
10600,424.0,6,4,2
10625,425.0,3,1,2
10650,426.0,3,1,2
10675,427.0,2,1,1
10700,428.0,4,1,3
10725,429.0,4,1,3
10750,430.0,7,3,4
10775,431.0,7,4,3
10800,432.0,7,4,3
10825,433.0,8,5,3
10850,434.0,5,3,2
10875,435.0,3,3,0
10900,436.0,4,1,3
10925,437.0,6,2,4
10950,438.0,8,1,7
10975,439.0,10,1,9
11000,440.0,12,3,9
11025,441.0,11,4,7
11050,442.0,9,2,7
11075,443.0,6,1,5
11100,444.0,5,1,4
11125,445.0,2,0,2
11150,446.0,5,1,4
11175,447.0,7,1,6
11200,448.0,1,0,1
11225,449.0,1,0,1
11250,450.0,1,0,1
11275,451.0,3,0,3
11300,452.0,3,0,3
11325,453.0,1,0,1
11350,454.0,4,0,4
11375,455.0,3,0,3
11400,456.0,1,0,1
11425,457.0,1,0,1
11450,458.0,1,0,1
11475,459.0,1,1,0
11500,460.0,1,1,0
11525,461.0,2,1,1
11550,462.0,6,4,2
11575,463.0,7,4,3
11600,464.0,6,1,5
11625,465.0,6,3,3
11650,466.0,7,2,5
11675,467.0,8,0,8
11700,468.0,9,1,8
11725,469.0,7,1,6
11750,470.0,5,0,5
11775,471.0,7,0,7
11800,472.0,6,1,5
11825,473.0,8,1,7
11850,474.0,9,1,8
11875,475.0,8,1,7
11900,476.0,5,1,4
11925,477.0,9,3,6
11950,478.0,11,2,9
11975,479.0,15,2,13
12000,480.0,11,3,8
12025,481.0,13,4,9
12050,482.0,15,3,12
12075,483.0,8,2,6
12100,484.0,9,1,8
12125,485.0,4,1,3
12150,486.0,7,2,5
12175,487.0,5,2,3
12200,488.0,5,3,2
12225,489.0,9,5,4
12250,490.0,5,3,2
12275,491.0,6,2,4
12300,492.0,4,2,2
12325,493.0,6,4,2
12350,494.0,8,4,4
12375,495.0,8,4,4
12400,496.0,9,3,6
12425,497.0,10,4,6
12450,498.0,9,4,5
12475,499.0,10,4,6
12500,500.0,9,3,6
12525,501.0,6,2,4
12550,502.0,7,1,6
12575,503.0,9,0,9
12600,504.0,7,1,6
12625,505.0,6,1,5
12650,506.0,9,2,7
12675,507.0,9,1,8
12700,508.0,11,1,10
12725,509.0,11,0,11
12750,510.0,10,0,10
12775,511.0,10,0,10
12800,512.0,13,1,12
12825,513.0,9,1,8
12850,514.0,10,0,10
12875,515.0,10,0,10
12900,516.0,9,0,9
12925,517.0,4,0,4
12950,518.0,6,1,5
12975,519.0,3,1,2
13000,520.0,3,0,3
13025,521.0,0,0,0
13050,522.0,1,1,0
13075,523.0,3,1,2
13100,524.0,5,2,3
13125,525.0,4,1,3
13150,526.0,4,0,4
13175,527.0,7,2,5
13200,528.0,7,2,5
13225,529.0,8,3,5
13250,530.0,9,4,5
13275,531.0,8,4,4
13300,532.0,12,4,8
13325,533.0,8,5,3
13350,534.0,6,4,2
13375,535.0,7,4,3
13400,536.0,7,3,4
13425,537.0,8,3,5
13450,538.0,8,3,5
13475,539.0,6,3,3
13500,540.0,6,2,4
13525,541.0,7,2,5
13550,542.0,5,2,3
13575,543.0,3,2,1
13600,544.0,3,2,1
13625,545.0,7,3,4
13650,546.0,3,1,2
13675,547.0,4,3,1
13700,548.0,4,2,2
13725,549.0,6,3,3
13750,550.0,6,2,4
13775,551.0,7,2,5
13800,552.0,4,0,4
13825,553.0,4,0,4
13850,554.0,5,2,3
13875,555.0,4,1,3
13900,556.0,4,1,3
13925,557.0,7,3,4
13950,558.0,6,3,3
13975,559.0,7,2,5
14000,560.0,7,3,4
14025,561.0,7,3,4
14050,562.0,8,4,4
14075,563.0,6,1,5
14100,564.0,4,1,3
14125,565.0,4,2,2
14150,566.0,4,1,3
14175,567.0,2,0,2
14200,568.0,4,1,3
14225,569.0,3,1,2
14250,570.0,2,0,2
14275,571.0,2,1,1
14300,572.0,1,0,1
14325,573.0,4,2,2
14350,574.0,2,1,1
14375,575.0,5,2,3
14400,576.0,5,3,2
14425,577.0,10,8,2
14450,578.0,5,3,2
14475,579.0,8,4,4
14500,580.0,1,1,0
14525,581.0,6,3,3
14550,582.0,4,3,1
14575,583.0,4,3,1
14600,584.0,3,2,1
14625,585.0,2,1,1
14650,586.0,3,1,2
14675,587.0,5,1,4
14700,588.0,4,1,3
14725,589.0,3,0,3
14750,590.0,3,0,3
14775,591.0,0,0,0
14800,592.0,0,0,0
14825,593.0,2,0,2
14850,594.0,4,1,3
14875,595.0,8,1,7
14900,596.0,7,1,6
14925,597.0,5,1,4
14950,598.0,6,0,6
14975,599.0,3,0,3
15000,600.0,2,0,2
15025,601.0,2,0,2
15050,602.0,3,1,2
15075,603.0,2,1,1
15100,604.0,1,0,1
15125,605.0,1,0,1
15150,606.0,2,0,2
15175,607.0,1,0,1
15200,608.0,4,0,4
15225,609.0,1,0,1
15250,610.0,4,1,3
15275,611.0,2,2,0
15300,612.0,2,1,1
15325,613.0,2,1,1
15350,614.0,2,1,1
15375,615.0,3,1,2
15400,616.0,1,1,0
15425,617.0,2,0,2
15450,618.0,3,1,2
15475,619.0,5,2,3
15500,620.0,3,2,1
15525,621.0,4,3,1
15550,622.0,4,3,1
15575,623.0,3,1,2
15600,624.0,1,1,0
15625,625.0,3,1,2
15650,626.0,2,0,2
15675,627.0,3,0,3
15700,628.0,2,0,2
15725,629.0,3,0,3
15750,630.0,4,1,3
15775,631.0,4,0,4
15800,632.0,5,1,4
15825,633.0,3,1,2
15850,634.0,2,0,2
15875,635.0,2,0,2
15900,636.0,4,1,3
15925,637.0,6,1,5
15950,638.0,4,1,3
15975,639.0,6,1,5
16000,640.0,4,0,4
16025,641.0,4,0,4
16050,642.0,7,2,5
16075,643.0,7,4,3
16100,644.0,7,4,3
16125,645.0,6,1,5
16150,646.0,3,0,3
16175,647.0,3,0,3
16200,648.0,2,0,2
16225,649.0,2,0,2
16250,650.0,3,0,3
16275,651.0,3,1,2
16300,652.0,2,1,1
16325,653.0,2,1,1
16350,654.0,1,1,0
16375,655.0,2,2,0
16400,656.0,1,1,0
16425,657.0,2,1,1
16450,658.0,0,0,0
16475,659.0,1,0,1
16500,660.0,2,0,2
16525,661.0,4,2,2
16550,662.0,4,2,2
16575,663.0,6,4,2
16600,664.0,6,4,2
16625,665.0,3,2,1
16650,666.0,5,0,5
16675,667.0,7,0,7
16700,668.0,7,2,5
16725,669.0,11,4,7
16750,670.0,8,4,4
16775,671.0,8,3,5
16800,672.0,7,3,4
16825,673.0,9,2,7
16850,674.0,7,1,6
16875,675.0,6,1,5
16900,676.0,11,4,7
16925,677.0,9,3,6
16950,678.0,12,4,8
16975,679.0,4,1,3
17000,680.0,6,1,5
17025,681.0,6,2,4
17050,682.0,6,4,2
17075,683.0,8,4,4
17100,684.0,6,2,4
17125,685.0,12,8,4
17150,686.0,8,4,4
17175,687.0,10,4,6
17200,688.0,10,5,5
17225,689.0,11,3,8
17250,690.0,5,2,3
17275,691.0,8,2,6
17300,692.0,7,2,5
17325,693.0,9,2,7
17350,694.0,9,3,6
17375,695.0,15,5,10
17400,696.0,13,6,7
17425,697.0,12,5,7
17450,698.0,18,6,12
17475,699.0,9,4,5
17500,700.0,10,3,7
17525,701.0,14,3,11
17550,702.0,15,3,12
17575,703.0,15,4,11
17600,704.0,12,2,10
17625,705.0,14,6,8
17650,706.0,18,5,13
17675,707.0,13,3,10
17700,708.0,16,3,13
17725,709.0,15,3,12
17750,710.0,16,4,12
17775,711.0,16,3,13
17800,712.0,11,3,8
17825,713.0,14,3,11
17850,714.0,15,5,10
17875,715.0,16,4,12
17900,716.0,15,5,10
17925,717.0,14,3,11
17950,718.0,11,3,8
17975,719.0,12,2,10
18000,720.0,9,3,6
18025,721.0,10,3,7
18050,722.0,9,2,7
18075,723.0,5,1,4
18100,724.0,8,2,6
18125,725.0,8,2,6
18150,726.0,8,1,7
18175,727.0,12,2,10
18200,728.0,10,3,7
18225,729.0,13,5,8
18250,730.0,16,5,11
18275,731.0,10,4,6
18300,732.0,5,4,1
18325,733.0,3,1,2
18350,734.0,3,2,1
18375,735.0,3,2,1
18400,736.0,2,0,2
18425,737.0,3,0,3
18450,738.0,6,2,4
18475,739.0,5,2,3
18500,740.0,8,3,5
18525,741.0,8,2,6
18550,742.0,7,2,5
18575,743.0,12,4,8
18600,744.0,13,4,9
18625,745.0,15,5,10
18650,746.0,12,6,6
18675,747.0,12,3,9
18700,748.0,14,5,9
18725,749.0,10,4,6
18750,750.0,11,4,7
18775,751.0,12,3,9
18800,752.0,11,2,9
18825,753.0,6,1,5
18850,754.0,8,1,7
18875,755.0,10,3,7
18900,756.0,11,3,8
18925,757.0,8,4,4
18950,758.0,6,4,2
18975,759.0,5,4,1
19000,760.0,5,3,2
19025,761.0,5,1,4
19050,762.0,7,2,5
19075,763.0,8,2,6
19100,764.0,6,1,5
19125,765.0,7,0,7
19150,766.0,7,0,7
19175,767.0,6,0,6
19200,768.0,8,2,6
19225,769.0,8,1,7
19250,770.0,6,0,6
19275,771.0,6,1,5
19300,772.0,1,0,1
19325,773.0,1,0,1
19350,774.0,3,0,3
19375,775.0,5,1,4
19400,776.0,7,3,4
19425,777.0,3,2,1
19450,778.0,3,3,0
19475,779.0,3,3,0
19500,780.0,3,2,1
19525,781.0,1,1,0
19550,782.0,4,2,2
19575,783.0,4,3,1
19600,784.0,3,2,1
19625,785.0,5,3,2
19650,786.0,2,2,0
19675,787.0,1,1,0
19700,788.0,3,1,2
19725,789.0,4,1,3
19750,790.0,5,1,4
19775,791.0,5,2,3
19800,792.0,5,1,4
19825,793.0,5,1,4
19850,794.0,6,1,5
19875,795.0,6,3,3
19900,796.0,5,2,3
19925,797.0,3,1,2
19950,798.0,4,2,2
19975,799.0,4,1,3
20000,800.0,4,2,2
20025,801.0,8,6,2
20050,802.0,7,5,2
20075,803.0,3,2,1
20100,804.0,4,1,3
20125,805.0,6,4,2
20150,806.0,7,5,2
20175,807.0,7,5,2
20200,808.0,5,4,1
20225,809.0,7,4,3
20250,810.0,5,3,2
20275,811.0,8,3,5
20300,812.0,7,2,5
20325,813.0,5,0,5
20350,814.0,8,2,6
20375,815.0,10,4,6
20400,816.0,6,5,1
20425,817.0,7,3,4
20450,818.0,5,1,4
20475,819.0,2,1,1
20500,820.0,2,1,1
20525,821.0,5,3,2
20550,822.0,4,3,1
20575,823.0,4,2,2
20600,824.0,5,2,3
20625,825.0,8,2,6
20650,826.0,9,4,5
20675,827.0,6,4,2
20700,828.0,2,2,0
20725,829.0,7,2,5
20750,830.0,7,0,7
20775,831.0,6,1,5
20800,832.0,6,1,5
20825,833.0,5,1,4
20850,834.0,9,2,7
20875,835.0,9,3,6
20900,836.0,12,4,8
20925,837.0,7,2,5
20950,838.0,10,4,6
20975,839.0,4,3,1
21000,840.0,4,1,3
21025,841.0,3,1,2
21050,842.0,2,0,2
21075,843.0,1,0,1
21100,844.0,3,2,1
21125,845.0,2,2,0
21150,846.0,2,2,0
21175,847.0,3,2,1
21200,848.0,3,2,1
21225,849.0,0,0,0
21250,850.0,0,0,0
21275,851.0,0,0,0
21300,852.0,1,1,0
21325,853.0,1,1,0
21350,854.0,1,1,0
21375,855.0,2,1,1
21400,856.0,4,2,2
21425,857.0,4,2,2
21450,858.0,1,1,0
21475,859.0,3,1,2
21500,860.0,4,1,3
21525,861.0,4,2,2
21550,862.0,5,2,3
21575,863.0,6,4,2
21600,864.0,6,3,3
21625,865.0,6,3,3
21650,866.0,9,4,5
21675,867.0,6,2,4
21700,868.0,6,1,5
21725,869.0,7,2,5
21750,870.0,3,1,2
21775,871.0,5,1,4
21800,872.0,5,2,3
21825,873.0,8,4,4
21850,874.0,13,2,11
21875,875.0,8,1,7
21900,876.0,15,2,13
21925,877.0,16,4,12
21950,878.0,13,4,9
21975,879.0,16,4,12
22000,880.0,16,5,11
22025,881.0,13,7,6
22050,882.0,17,8,9
22075,883.0,10,4,6
22100,884.0,8,4,4
22125,885.0,9,5,4
22150,886.0,12,4,8
22175,887.0,14,4,10
22200,888.0,16,3,13
22225,889.0,14,3,11
22250,890.0,14,1,13
22275,891.0,12,2,10
22300,892.0,7,2,5
22325,893.0,7,2,5
22350,894.0,10,4,6
22375,895.0,11,4,7
22400,896.0,12,6,6
22425,897.0,13,5,8
22450,898.0,11,5,6
22475,899.0,12,4,8
22500,900.0,10,1,9
22525,901.0,3,0,3
22550,902.0,4,0,4
22575,903.0,3,0,3
22600,904.0,5,2,3
22625,905.0,9,2,7
22650,906.0,9,1,8
22675,907.0,9,1,8
22700,908.0,11,1,10
22725,909.0,10,3,7
22750,910.0,11,3,8
22775,911.0,8,3,5
22800,912.0,9,2,7
22825,913.0,5,2,3
22850,914.0,2,1,1
22875,915.0,2,0,2
22900,916.0,3,1,2
22925,917.0,6,1,5
22950,918.0,8,3,5
22975,919.0,5,3,2
23000,920.0,5,3,2
23025,921.0,6,3,3
23050,922.0,7,3,4
23075,923.0,11,3,8
23100,924.0,9,4,5
23125,925.0,6,1,5
23150,926.0,8,3,5
23175,927.0,8,3,5
23200,928.0,8,4,4
23225,929.0,9,3,6
23250,930.0,5,2,3
23275,931.0,5,2,3
23300,932.0,8,2,6
23325,933.0,4,2,2
23350,934.0,5,0,5
23375,935.0,2,1,1
23400,936.0,8,1,7
23425,937.0,5,0,5
23450,938.0,7,1,6
23475,939.0,11,5,6
23500,940.0,9,5,4
23525,941.0,10,4,6
23550,942.0,9,3,6
23575,943.0,8,3,5
23600,944.0,5,1,4
23625,945.0,3,0,3
23650,946.0,4,1,3
23675,947.0,3,1,2
23700,948.0,5,2,3
23725,949.0,6,2,4
23750,950.0,2,1,1
23775,951.0,6,2,4
23800,952.0,3,1,2
23825,953.0,4,2,2
23850,954.0,6,3,3
23875,955.0,7,1,6
23900,956.0,6,1,5
23925,957.0,3,0,3
23950,958.0,6,1,5
23975,959.0,6,1,5
24000,960.0,6,2,4
24025,961.0,7,3,4
24050,962.0,7,2,5
24075,963.0,9,3,6
24100,964.0,9,4,5
24125,965.0,7,2,5
24150,966.0,9,2,7
24175,967.0,3,0,3
24200,968.0,7,2,5
24225,969.0,7,2,5
24250,970.0,4,4,0
24275,971.0,7,4,3
24300,972.0,5,2,3
24325,973.0,6,3,3
24350,974.0,8,3,5
24375,975.0,7,1,6
24400,976.0,5,0,5
24425,977.0,7,1,6
24450,978.0,6,1,5
24475,979.0,7,2,5
24500,980.0,5,3,2
24525,981.0,8,2,6
24550,982.0,4,0,4
24575,983.0,6,1,5
24600,984.0,4,1,3
24625,985.0,8,2,6
24650,986.0,6,1,5
24675,987.0,4,1,3
24700,988.0,5,1,4
24725,989.0,6,1,5
24750,990.0,4,0,4
24775,991.0,4,0,4
24800,992.0,4,0,4
24825,993.0,6,0,6
24850,994.0,2,0,2
24875,995.0,5,3,2
24900,996.0,3,3,0
24925,997.0,3,1,2
24950,998.0,3,1,2
24975,999.0,4,1,3
25000,1000.0,4,2,2
25025,1001.0,1,1,0
25050,1002.0,0,0,0
25075,1003.0,2,0,2
25100,1004.0,2,0,2
25125,1005.0,7,0,7
25150,1006.0,7,1,6
25175,1007.0,5,2,3
25200,1008.0,7,3,4
25225,1009.0,7,2,5
25250,1010.0,4,2,2
25275,1011.0,3,2,1
25300,1012.0,8,5,3
25325,1013.0,6,4,2
25350,1014.0,5,3,2
25375,1015.0,6,4,2
25400,1016.0,7,3,4
25425,1017.0,4,2,2
25450,1018.0,5,2,3
25475,1019.0,10,3,7
25500,1020.0,10,5,5
25525,1021.0,11,4,7
25550,1022.0,7,4,3
25575,1023.0,8,5,3
25600,1024.0,7,4,3
25625,1025.0,6,2,4
25650,1026.0,4,1,3
25675,1027.0,3,0,3
25700,1028.0,5,2,3
25725,1029.0,5,1,4
25750,1030.0,7,2,5
25775,1031.0,6,2,4
25800,1032.0,6,3,3
25825,1033.0,4,2,2
25850,1034.0,5,3,2
25875,1035.0,7,5,2
25900,1036.0,10,4,6
25925,1037.0,7,5,2
25950,1038.0,10,7,3
25975,1039.0,6,3,3
26000,1040.0,6,4,2
26025,1041.0,7,4,3
26050,1042.0,8,4,4
26075,1043.0,8,3,5
26100,1044.0,8,4,4
26125,1045.0,10,4,6
26150,1046.0,9,2,7
26175,1047.0,4,0,4
26200,1048.0,6,0,6
26225,1049.0,4,0,4
26250,1050.0,3,0,3
26275,1051.0,7,1,6
26300,1052.0,5,1,4
26325,1053.0,10,3,7
26350,1054.0,4,2,2
26375,1055.0,8,1,7
26400,1056.0,9,1,8
26425,1057.0,11,1,10
26450,1058.0,10,1,9
26475,1059.0,9,1,8
26500,1060.0,6,0,6
26525,1061.0,4,0,4
26550,1062.0,6,0,6
26575,1063.0,7,1,6
26600,1064.0,7,0,7
26625,1065.0,10,2,8
26650,1066.0,14,5,9
26675,1067.0,11,7,4
26700,1068.0,10,7,3
26725,1069.0,11,9,2
26750,1070.0,8,6,2
26775,1071.0,7,3,4
26800,1072.0,10,3,7
26825,1073.0,9,3,6
26850,1074.0,9,3,6
26875,1075.0,9,3,6
26900,1076.0,8,2,6
26925,1077.0,6,2,4
26950,1078.0,6,1,5
26975,1079.0,6,1,5
27000,1080.0,9,0,9
27025,1081.0,10,3,7
27050,1082.0,12,4,8
27075,1083.0,12,4,8
27100,1084.0,10,3,7
27125,1085.0,9,2,7
27150,1086.0,14,5,9
27175,1087.0,13,3,10
27200,1088.0,17,4,13
27225,1089.0,5,1,4
27250,1090.0,10,3,7
27275,1091.0,14,4,10
27300,1092.0,9,3,6
27325,1093.0,7,3,4
27350,1094.0,5,0,5
27375,1095.0,8,1,7
27400,1096.0,6,1,5
27425,1097.0,8,1,7
27450,1098.0,9,1,8
27475,1099.0,8,1,7
27500,1100.0,10,1,9
27525,1101.0,14,0,14
27550,1102.0,10,0,10
27575,1103.0,7,0,7
27600,1104.0,6,0,6
27625,1105.0,3,0,3
27650,1106.0,4,0,4
27675,1107.0,3,0,3
27700,1108.0,1,0,1
27725,1109.0,2,1,1
27750,1110.0,3,1,2
27775,1111.0,4,2,2
27800,1112.0,3,2,1
27825,1113.0,5,3,2
27850,1114.0,3,2,1
27875,1115.0,4,0,4
27900,1116.0,5,1,4
27925,1117.0,7,2,5
27950,1118.0,6,2,4
27975,1119.0,11,3,8
28000,1120.0,8,1,7
28025,1121.0,6,1,5
28050,1122.0,4,2,2
28075,1123.0,6,2,4
28100,1124.0,3,1,2
28125,1125.0,4,1,3
28150,1126.0,2,1,1
28175,1127.0,2,1,1
28200,1128.0,0,0,0
28225,1129.0,0,0,0
28250,1130.0,4,1,3
28275,1131.0,4,1,3
28300,1132.0,4,0,4
28325,1133.0,3,0,3
28350,1134.0,2,0,2
28375,1135.0,2,1,1
28400,1136.0,4,2,2
28425,1137.0,4,2,2
28450,1138.0,5,3,2
28475,1139.0,9,6,3
28500,1140.0,8,4,4
28525,1141.0,13,10,3
28550,1142.0,10,5,5
28575,1143.0,6,3,3
28600,1144.0,6,3,3
28625,1145.0,6,2,4
28650,1146.0,8,4,4
28675,1147.0,6,3,3
28700,1148.0,7,5,2
28725,1149.0,4,3,1
28750,1150.0,3,2,1
28775,1151.0,1,1,0
28800,1152.0,2,2,0
28825,1153.0,4,3,1
28850,1154.0,4,2,2
28875,1155.0,6,4,2
28900,1156.0,11,7,4
28925,1157.0,5,5,0
28950,1158.0,6,3,3
28975,1159.0,7,4,3
29000,1160.0,5,4,1
29025,1161.0,4,4,0
29050,1162.0,6,3,3
29075,1163.0,5,2,3
29100,1164.0,6,1,5
29125,1165.0,7,2,5
29150,1166.0,9,3,6
29175,1167.0,8,4,4
29200,1168.0,6,2,4
29225,1169.0,10,4,6
29250,1170.0,9,4,5
29275,1171.0,12,4,8
29300,1172.0,11,3,8
29325,1173.0,15,6,9
29350,1174.0,9,3,6
29375,1175.0,11,4,7
29400,1176.0,14,3,11
29425,1177.0,11,3,8
29450,1178.0,11,3,8
29475,1179.0,8,1,7
29500,1180.0,9,2,7
29525,1181.0,12,3,9
29550,1182.0,9,2,7
29575,1183.0,6,2,4
29600,1184.0,4,1,3
29625,1185.0,6,0,6
29650,1186.0,4,0,4
29675,1187.0,2,0,2
29700,1188.0,4,0,4
29725,1189.0,5,0,5
29750,1190.0,6,0,6
29775,1191.0,5,0,5
29800,1192.0,8,0,8
29825,1193.0,11,1,10
29850,1194.0,7,2,5
29875,1195.0,10,4,6
29900,1196.0,8,3,5
29925,1197.0,13,7,6
29950,1198.0,14,7,7
29975,1199.0,8,3,5
30000,1200.0,4,1,3
30025,1201.0,4,2,2
30050,1202.0,6,3,3
30075,1203.0,7,2,5
30100,1204.0,5,1,4
30125,1205.0,8,2,6
30150,1206.0,7,1,6
30175,1207.0,5,2,3
30200,1208.0,4,1,3
30225,1209.0,2,1,1
30250,1210.0,5,2,3
30275,1211.0,7,2,5
30300,1212.0,5,3,2
30325,1213.0,5,2,3
30350,1214.0,4,2,2
30375,1215.0,4,1,3
30400,1216.0,5,1,4
30425,1217.0,5,2,3
30450,1218.0,8,2,6
30475,1219.0,8,2,6
30500,1220.0,10,4,6
30525,1221.0,7,4,3
30550,1222.0,7,3,4
30575,1223.0,1,1,0
30600,1224.0,3,3,0
30625,1225.0,2,1,1
30650,1226.0,5,2,3
30675,1227.0,4,2,2
30700,1228.0,4,2,2
30725,1229.0,3,1,2
30750,1230.0,3,1,2
30775,1231.0,4,0,4
30800,1232.0,4,2,2
30825,1233.0,7,2,5
30850,1234.0,7,1,6
30875,1235.0,5,1,4
30900,1236.0,6,3,3
30925,1237.0,5,3,2
30950,1238.0,6,3,3
30975,1239.0,4,2,2
31000,1240.0,5,1,4
31025,1241.0,7,2,5
31050,1242.0,9,3,6
31075,1243.0,10,4,6
31100,1244.0,9,4,5
31125,1245.0,10,3,7
31150,1246.0,10,3,7
31175,1247.0,10,3,7
31200,1248.0,10,4,6
31225,1249.0,9,6,3
31250,1250.0,8,6,2
31275,1251.0,9,6,3
31300,1252.0,6,3,3
31325,1253.0,5,2,3
31350,1254.0,3,1,2
31375,1255.0,4,1,3
31400,1256.0,7,2,5
31425,1257.0,9,4,5
31450,1258.0,10,3,7
31475,1259.0,12,5,7
31500,1260.0,9,3,6
31525,1261.0,9,3,6
31550,1262.0,8,2,6
31575,1263.0,11,1,10
31600,1264.0,4,1,3
31625,1265.0,6,3,3
31650,1266.0,5,2,3
31675,1267.0,8,5,3
31700,1268.0,7,4,3
31725,1269.0,7,3,4
31750,1270.0,11,8,3
31775,1271.0,10,6,4
31800,1272.0,10,5,5
31825,1273.0,8,3,5
31850,1274.0,8,4,4
31875,1275.0,9,4,5
31900,1276.0,6,5,1
31925,1277.0,6,5,1
31950,1278.0,6,2,4
31975,1279.0,7,1,6
32000,1280.0,5,0,5
32025,1281.0,8,1,7
32050,1282.0,9,1,8
32075,1283.0,5,1,4
32100,1284.0,6,1,5
32125,1285.0,6,2,4
32150,1286.0,7,2,5
32175,1287.0,6,2,4
32200,1288.0,9,7,2
32225,1289.0,6,4,2
32250,1290.0,5,4,1
32275,1291.0,5,3,2
32300,1292.0,3,1,2
32325,1293.0,5,3,2
32350,1294.0,4,2,2
32375,1295.0,3,2,1
32400,1296.0,3,3,0
32425,1297.0,3,0,3
32450,1298.0,3,0,3
32475,1299.0,5,1,4
32500,1300.0,5,2,3
32525,1301.0,5,0,5
32550,1302.0,7,1,6
32575,1303.0,7,1,6
32600,1304.0,7,1,6
32625,1305.0,5,2,3
32650,1306.0,11,5,6
32675,1307.0,5,3,2
32700,1308.0,1,1,0
32725,1309.0,4,3,1
32750,1310.0,6,5,1
32775,1311.0,6,4,2
32800,1312.0,5,4,1
32825,1313.0,8,4,4
32850,1314.0,9,5,4
32875,1315.0,7,3,4
32900,1316.0,5,0,5
32925,1317.0,5,1,4
32950,1318.0,3,2,1
32975,1319.0,4,3,1
33000,1320.0,7,4,3
33025,1321.0,6,4,2
33050,1322.0,5,2,3
33075,1323.0,5,1,4
33100,1324.0,6,0,6
33125,1325.0,6,3,3
33150,1326.0,9,4,5
33175,1327.0,5,3,2
33200,1328.0,7,5,2
33225,1329.0,4,2,2
33250,1330.0,4,3,1
33275,1331.0,10,6,4
33300,1332.0,10,7,3
33325,1333.0,14,8,6
33350,1334.0,9,5,4
33375,1335.0,11,5,6
33400,1336.0,9,5,4
33425,1337.0,10,4,6
33450,1338.0,8,3,5
33475,1339.0,12,4,8
33500,1340.0,7,4,3
33525,1341.0,7,3,4
33550,1342.0,9,3,6
33575,1343.0,4,2,2
33600,1344.0,4,3,1
33625,1345.0,5,4,1
33650,1346.0,6,4,2
33675,1347.0,4,2,2
33700,1348.0,2,1,1
33725,1349.0,3,2,1
33750,1350.0,2,1,1
33775,1351.0,4,2,2
33800,1352.0,4,2,2
33825,1353.0,5,2,3
33850,1354.0,5,3,2
33875,1355.0,6,4,2
33900,1356.0,7,4,3
33925,1357.0,7,4,3
33950,1358.0,5,4,1
33975,1359.0,9,6,3
34000,1360.0,5,4,1
34025,1361.0,4,3,1
34050,1362.0,4,4,0
34075,1363.0,4,3,1
34100,1364.0,6,3,3
34125,1365.0,8,6,2
34150,1366.0,10,8,2
34175,1367.0,8,5,3
34200,1368.0,6,3,3
34225,1369.0,9,2,7
34250,1370.0,10,4,6
34275,1371.0,10,4,6
34300,1372.0,10,6,4
34325,1373.0,11,6,5
34350,1374.0,10,6,4
34375,1375.0,16,8,8
34400,1376.0,11,5,6
34425,1377.0,11,4,7
34450,1378.0,16,5,11
34475,1379.0,15,5,10
34500,1380.0,13,6,7
34525,1381.0,12,7,5
34550,1382.0,8,5,3
34575,1383.0,10,5,5
34600,1384.0,9,4,5
34625,1385.0,10,5,5
34650,1386.0,8,4,4
34675,1387.0,8,3,5
34700,1388.0,7,2,5
34725,1389.0,9,2,7
34750,1390.0,3,0,3
34775,1391.0,7,3,4
34800,1392.0,7,5,2
34825,1393.0,6,3,3
34850,1394.0,9,4,5
34875,1395.0,6,3,3
34900,1396.0,8,5,3
34925,1397.0,5,3,2
34950,1398.0,2,1,1
34975,1399.0,4,3,1
35000,1400.0,4,2,2
35025,1401.0,5,3,2
35050,1402.0,8,4,4
35075,1403.0,9,3,6
35100,1404.0,7,4,3
35125,1405.0,7,4,3
35150,1406.0,10,4,6
35175,1407.0,10,4,6
35200,1408.0,8,3,5
35225,1409.0,10,3,7
35250,1410.0,8,2,6
35275,1411.0,5,1,4
35300,1412.0,5,1,4
35325,1413.0,6,1,5
35350,1414.0,6,0,6
35375,1415.0,4,0,4
35400,1416.0,7,0,7
35425,1417.0,3,1,2
35450,1418.0,5,2,3
35475,1419.0,5,1,4
35500,1420.0,6,3,3
35525,1421.0,7,4,3
35550,1422.0,6,3,3
35575,1423.0,3,1,2
35600,1424.0,6,2,4
35625,1425.0,5,2,3
35650,1426.0,6,2,4
35675,1427.0,8,3,5
35700,1428.0,11,4,7
35725,1429.0,11,4,7
35750,1430.0,7,2,5
35775,1431.0,5,0,5
35800,1432.0,5,0,5
35825,1433.0,7,0,7
35850,1434.0,9,0,9
35875,1435.0,6,0,6
35900,1436.0,6,0,6
35925,1437.0,10,3,7
35950,1438.0,9,3,6
35975,1439.0,7,4,3
36000,1440.0,6,4,2
36025,1441.0,4,2,2
36050,1442.0,2,1,1
36075,1443.0,5,1,4
36100,1444.0,4,2,2
36125,1445.0,3,2,1
36150,1446.0,4,3,1
36175,1447.0,5,3,2
36200,1448.0,6,3,3
36225,1449.0,5,2,3
36250,1450.0,5,1,4
36275,1451.0,5,1,4
36300,1452.0,9,2,7
36325,1453.0,8,3,5
36350,1454.0,7,2,5
36375,1455.0,9,2,7
36400,1456.0,12,5,7
36425,1457.0,8,2,6
36450,1458.0,6,1,5
36475,1459.0,9,2,7
36500,1460.0,5,2,3
36525,1461.0,4,1,3
36550,1462.0,5,2,3
36575,1463.0,7,3,4
36600,1464.0,5,2,3
36625,1465.0,3,0,3
36650,1466.0,5,2,3
36675,1467.0,5,2,3
36700,1468.0,5,0,5
36725,1469.0,9,2,7
36750,1470.0,10,2,8
36775,1471.0,6,3,3
36800,1472.0,8,4,4
36825,1473.0,6,2,4
36850,1474.0,8,1,7
36875,1475.0,9,4,5
36900,1476.0,9,4,5
36925,1477.0,7,4,3
36950,1478.0,4,2,2
36975,1479.0,5,2,3
37000,1480.0,8,2,6
37025,1481.0,7,2,5
37050,1482.0,7,3,4
37075,1483.0,5,3,2
37100,1484.0,2,1,1
37125,1485.0,3,0,3
37150,1486.0,5,2,3
37175,1487.0,6,2,4
37200,1488.0,7,1,6
37225,1489.0,8,2,6
37250,1490.0,6,2,4
37275,1491.0,7,4,3
37300,1492.0,7,3,4
37325,1493.0,8,2,6
37350,1494.0,9,2,7
37375,1495.0,9,3,6
37400,1496.0,10,6,4
37425,1497.0,10,4,6
37450,1498.0,9,5,4
37475,1499.0,3,3,0
37500,1500.0,3,3,0
37525,1501.0,3,1,2
37550,1502.0,4,1,3
37575,1503.0,5,1,4
37600,1504.0,8,1,7
37625,1505.0,7,0,7
37650,1506.0,7,1,6
37675,1507.0,5,1,4
37700,1508.0,7,0,7
37725,1509.0,9,2,7
37750,1510.0,8,2,6
37775,1511.0,11,2,9
37800,1512.0,11,3,8
37825,1513.0,7,1,6
37850,1514.0,7,1,6
37875,1515.0,6,1,5
37900,1516.0,4,1,3
37925,1517.0,1,0,1
37950,1518.0,3,0,3
37975,1519.0,2,1,1
38000,1520.0,2,1,1
38025,1521.0,3,2,1
38050,1522.0,1,1,0
38075,1523.0,4,2,2
38100,1524.0,5,2,3
38125,1525.0,3,1,2
38150,1526.0,3,1,2
38175,1527.0,6,3,3
38200,1528.0,7,4,3
38225,1529.0,8,5,3
38250,1530.0,6,3,3
38275,1531.0,6,2,4
38300,1532.0,4,0,4
38325,1533.0,4,0,4
38350,1534.0,6,0,6
38375,1535.0,7,1,6
38400,1536.0,8,1,7
38425,1537.0,9,3,6
38450,1538.0,8,2,6
38475,1539.0,8,2,6
38500,1540.0,9,3,6
38525,1541.0,6,4,2
38550,1542.0,8,4,4
38575,1543.0,8,3,5
38600,1544.0,6,1,5
38625,1545.0,5,0,5
38650,1546.0,8,1,7
38675,1547.0,9,3,6
38700,1548.0,10,5,5
38725,1549.0,10,5,5
38750,1550.0,5,1,4
38775,1551.0,5,0,5
38800,1552.0,3,0,3
38825,1553.0,3,0,3
38850,1554.0,5,2,3
38875,1555.0,5,2,3
38900,1556.0,6,1,5
38925,1557.0,6,1,5
38950,1558.0,6,1,5
38975,1559.0,6,1,5
39000,1560.0,5,0,5
39025,1561.0,8,1,7
39050,1562.0,9,1,8
39075,1563.0,9,3,6
39100,1564.0,10,2,8
39125,1565.0,14,3,11
39150,1566.0,14,3,11
39175,1567.0,10,2,8
39200,1568.0,7,3,4
39225,1569.0,12,3,9
39250,1570.0,8,3,5
39275,1571.0,2,1,1
39300,1572.0,10,5,5
39325,1573.0,8,3,5
39350,1574.0,10,3,7
39375,1575.0,9,3,6
39400,1576.0,6,2,4
39425,1577.0,4,1,3
39450,1578.0,5,1,4
39475,1579.0,4,2,2
39500,1580.0,5,3,2
39525,1581.0,5,2,3
39550,1582.0,5,2,3
39575,1583.0,7,4,3
39600,1584.0,7,5,2
39625,1585.0,11,5,6
39650,1586.0,13,5,8
39675,1587.0,13,5,8
39700,1588.0,11,5,6
39725,1589.0,9,4,5
39750,1590.0,10,4,6
39775,1591.0,14,7,7
39800,1592.0,6,5,1
39825,1593.0,5,4,1
39850,1594.0,3,3,0
39875,1595.0,4,3,1
39900,1596.0,3,3,0
39925,1597.0,3,2,1
39950,1598.0,3,2,1
39975,1599.0,3,2,1
40000,1600.0,3,2,1
40025,1601.0,5,2,3
40050,1602.0,6,4,2
40075,1603.0,6,3,3
40100,1604.0,5,3,2
40125,1605.0,5,2,3
40150,1606.0,3,1,2
40175,1607.0,3,2,1
40200,1608.0,4,3,1
40225,1609.0,4,3,1
40250,1610.0,3,2,1
40275,1611.0,3,1,2
40300,1612.0,2,1,1
40325,1613.0,3,0,3
40350,1614.0,6,0,6
40375,1615.0,5,0,5
40400,1616.0,5,1,4
40425,1617.0,4,1,3
40450,1618.0,6,1,5
40475,1619.0,4,1,3
40500,1620.0,4,0,4
40525,1621.0,3,0,3
40550,1622.0,4,0,4
40575,1623.0,6,0,6
40600,1624.0,5,0,5
40625,1625.0,5,0,5
40650,1626.0,4,0,4
40675,1627.0,6,0,6
40700,1628.0,6,0,6
40725,1629.0,9,3,6
40750,1630.0,8,1,7
40775,1631.0,7,0,7
40800,1632.0,10,0,10
40825,1633.0,9,0,9
40850,1634.0,9,1,8
40875,1635.0,8,2,6
40900,1636.0,8,3,5
40925,1637.0,12,5,7
40950,1638.0,10,4,6
40975,1639.0,4,2,2
41000,1640.0,5,3,2
41025,1641.0,8,3,5
41050,1642.0,4,2,2
41075,1643.0,4,1,3
41100,1644.0,7,2,5
41125,1645.0,9,2,7
41150,1646.0,7,2,5
41175,1647.0,7,2,5
41200,1648.0,12,2,10
41225,1649.0,7,1,6
41250,1650.0,8,2,6
41275,1651.0,11,3,8
41300,1652.0,10,2,8
41325,1653.0,8,3,5
41350,1654.0,10,4,6
41375,1655.0,10,3,7
41400,1656.0,8,1,7
41425,1657.0,2,0,2
41450,1658.0,3,1,2
41475,1659.0,3,1,2
41500,1660.0,3,1,2
41525,1661.0,5,1,4
41550,1662.0,3,0,3
41575,1663.0,5,1,4
41600,1664.0,6,1,5
41625,1665.0,4,1,3
41650,1666.0,5,1,4
41675,1667.0,4,1,3
41700,1668.0,6,1,5
41725,1669.0,7,2,5
41750,1670.0,7,3,4
41775,1671.0,9,3,6
41800,1672.0,8,4,4
41825,1673.0,9,1,8
41850,1674.0,11,2,9
41875,1675.0,8,2,6
41900,1676.0,8,3,5
41925,1677.0,8,2,6
41950,1678.0,9,2,7
41975,1679.0,6,0,6
42000,1680.0,10,1,9
42025,1681.0,14,5,9
42050,1682.0,16,5,11
42075,1683.0,8,3,5
42100,1684.0,11,4,7
42125,1685.0,10,1,9
42150,1686.0,8,1,7
42175,1687.0,5,1,4
42200,1688.0,5,1,4
42225,1689.0,4,2,2
42250,1690.0,8,2,6
42275,1691.0,13,3,10
42300,1692.0,13,1,12
42325,1693.0,6,0,6
42350,1694.0,6,1,5
42375,1695.0,7,2,5
42400,1696.0,7,2,5
42425,1697.0,7,2,5
42450,1698.0,9,2,7
42475,1699.0,6,2,4
42500,1700.0,2,1,1
42525,1701.0,1,0,1
42550,1702.0,1,0,1
42575,1703.0,4,0,4
42600,1704.0,8,0,8
42625,1705.0,7,3,4
42650,1706.0,6,4,2
42675,1707.0,7,5,2
42700,1708.0,6,3,3
42725,1709.0,7,2,5
42750,1710.0,5,1,4
42775,1711.0,3,0,3
42800,1712.0,6,1,5
42825,1713.0,9,3,6
42850,1714.0,10,3,7
42875,1715.0,8,2,6
42900,1716.0,8,1,7
42925,1717.0,6,2,4
42950,1718.0,7,2,5
42975,1719.0,8,2,6
43000,1720.0,9,3,6
43025,1721.0,9,1,8
43050,1722.0,12,4,8
43075,1723.0,14,4,10
43100,1724.0,17,7,10
43125,1725.0,17,7,10
43150,1726.0,15,5,10
43175,1727.0,16,4,12
43200,1728.0,15,2,13
43225,1729.0,8,3,5
43250,1730.0,8,3,5
43275,1731.0,9,3,6
43300,1732.0,9,3,6
43325,1733.0,10,4,6
43350,1734.0,7,3,4
43375,1735.0,9,4,5
43400,1736.0,10,3,7
43425,1737.0,8,3,5
43450,1738.0,6,5,1
43475,1739.0,7,4,3
43500,1740.0,6,3,3
43525,1741.0,5,1,4
43550,1742.0,5,1,4
43575,1743.0,2,1,1
43600,1744.0,2,0,2
43625,1745.0,5,1,4
43650,1746.0,6,0,6
43675,1747.0,8,1,7
43700,1748.0,9,0,9
43725,1749.0,8,1,7
43750,1750.0,7,1,6
43775,1751.0,1,1,0
43800,1752.0,3,2,1
43825,1753.0,4,2,2
43850,1754.0,4,0,4
43875,1755.0,5,0,5
43900,1756.0,7,1,6
43925,1757.0,15,4,11
43950,1758.0,16,5,11
43975,1759.0,16,3,13
44000,1760.0,10,1,9
44025,1761.0,13,2,11
44050,1762.0,12,2,10
44075,1763.0,12,1,11
44100,1764.0,11,1,10
44125,1765.0,14,2,12
44150,1766.0,15,3,12
44175,1767.0,6,2,4
44200,1768.0,11,3,8
44225,1769.0,8,3,5
44250,1770.0,10,2,8
44275,1771.0,17,4,13
44300,1772.0,15,4,11
44325,1773.0,12,3,9
44350,1774.0,13,4,9
44375,1775.0,15,6,9
44400,1776.0,9,4,5
44425,1777.0,7,3,4
44450,1778.0,5,2,3
44475,1779.0,6,2,4
44500,1780.0,6,1,5
44525,1781.0,6,3,3
44550,1782.0,6,2,4
44575,1783.0,3,3,0
44600,1784.0,4,3,1
44625,1785.0,4,3,1
44650,1786.0,6,3,3
44675,1787.0,5,3,2
44700,1788.0,5,3,2
44725,1789.0,4,3,1
44750,1790.0,6,3,3
44775,1791.0,4,2,2
44800,1792.0,5,3,2
44825,1793.0,4,1,3
44850,1794.0,4,2,2
44875,1795.0,3,2,1
44900,1796.0,6,5,1
44925,1797.0,7,5,2
44950,1798.0,4,3,1
44975,1799.0,5,3,2
45000,1800.0,6,3,3
45025,1801.0,9,6,3
45050,1802.0,9,7,2
45075,1803.0,10,6,4
45100,1804.0,12,7,5
45125,1805.0,13,6,7
45150,1806.0,13,6,7
45175,1807.0,12,6,6
45200,1808.0,9,5,4
45225,1809.0,9,4,5
45250,1810.0,6,4,2
45275,1811.0,8,4,4
45300,1812.0,7,0,7
45325,1813.0,6,1,5
45350,1814.0,8,3,5
45375,1815.0,9,3,6
45400,1816.0,11,3,8
45425,1817.0,8,3,5
45450,1818.0,6,2,4
45475,1819.0,6,3,3
45500,1820.0,9,4,5
45525,1821.0,9,5,4
45550,1822.0,12,5,7
45575,1823.0,10,6,4
45600,1824.0,9,4,5
45625,1825.0,6,2,4
45650,1826.0,7,5,2
45675,1827.0,7,5,2
45700,1828.0,6,5,1
45725,1829.0,4,3,1
45750,1830.0,6,4,2
45775,1831.0,6,4,2
45800,1832.0,7,3,4
45825,1833.0,6,4,2
45850,1834.0,6,4,2
45875,1835.0,6,4,2
45900,1836.0,8,5,3
45925,1837.0,4,3,1
45950,1838.0,9,5,4
45975,1839.0,12,8,4
46000,1840.0,13,9,4
46025,1841.0,11,8,3
46050,1842.0,12,7,5
46075,1843.0,11,5,6
46100,1844.0,12,8,4
46125,1845.0,7,6,1
46150,1846.0,6,4,2
46175,1847.0,2,2,0
46200,1848.0,6,5,1
46225,1849.0,6,3,3
46250,1850.0,10,4,6
46275,1851.0,10,5,5
46300,1852.0,9,6,3
46325,1853.0,6,5,1
46350,1854.0,11,5,6
46375,1855.0,10,3,7
46400,1856.0,10,4,6
46425,1857.0,11,5,6
46450,1858.0,8,4,4
46475,1859.0,6,3,3
46500,1860.0,8,4,4
46525,1861.0,7,4,3
46550,1862.0,8,5,3
46575,1863.0,12,6,6
46600,1864.0,8,3,5
46625,1865.0,5,2,3
46650,1866.0,5,1,4
46675,1867.0,3,2,1
46700,1868.0,3,2,1
46725,1869.0,2,1,1
46750,1870.0,5,1,4
46775,1871.0,3,1,2
46800,1872.0,1,0,1
46825,1873.0,4,0,4
46850,1874.0,5,1,4
46875,1875.0,7,1,6
46900,1876.0,6,2,4
46925,1877.0,9,2,7
46950,1878.0,8,2,6
46975,1879.0,11,4,7
47000,1880.0,8,2,6
47025,1881.0,10,2,8
47050,1882.0,10,1,9
47075,1883.0,7,1,6
47100,1884.0,17,4,13
47125,1885.0,15,2,13
47150,1886.0,16,4,12
47175,1887.0,14,4,10
47200,1888.0,13,3,10
47225,1889.0,14,2,12
47250,1890.0,16,3,13
47275,1891.0,11,1,10
47300,1892.0,6,0,6
47325,1893.0,6,0,6
47350,1894.0,5,0,5
47375,1895.0,6,0,6
47400,1896.0,6,0,6
47425,1897.0,5,0,5
47450,1898.0,4,0,4
47475,1899.0,8,2,6
47500,1900.0,6,3,3
47525,1901.0,10,3,7
47550,1902.0,10,4,6
47575,1903.0,7,5,2
47600,1904.0,5,5,0
47625,1905.0,4,4,0
47650,1906.0,2,2,0
47675,1907.0,5,4,1
47700,1908.0,5,4,1
47725,1909.0,7,5,2
47750,1910.0,6,4,2
47775,1911.0,8,5,3
47800,1912.0,6,4,2
47825,1913.0,10,6,4
47850,1914.0,10,4,6
47875,1915.0,12,4,8
47900,1916.0,13,7,6
47925,1917.0,12,6,6
47950,1918.0,12,5,7
47975,1919.0,11,3,8
48000,1920.0,15,6,9
48025,1921.0,8,3,5
48050,1922.0,13,6,7
48075,1923.0,13,6,7
48100,1924.0,13,6,7
48125,1925.0,11,3,8
48150,1926.0,9,1,8
48175,1927.0,13,2,11
48200,1928.0,14,3,11
48225,1929.0,18,4,14
48250,1930.0,11,3,8
48275,1931.0,7,2,5
48300,1932.0,7,1,6
48325,1933.0,11,3,8
48350,1934.0,12,6,6
48375,1935.0,11,4,7
48400,1936.0,8,2,6
48425,1937.0,14,4,10
48450,1938.0,13,3,10
48475,1939.0,14,3,11
48500,1940.0,12,3,9
48525,1941.0,13,5,8
48550,1942.0,10,4,6
48575,1943.0,11,6,5
48600,1944.0,11,5,6
48625,1945.0,16,8,8
48650,1946.0,14,4,10
48675,1947.0,15,4,11
48700,1948.0,13,3,10
48725,1949.0,11,3,8
48750,1950.0,11,3,8
48775,1951.0,10,3,7
48800,1952.0,11,6,5
48825,1953.0,10,4,6
48850,1954.0,7,3,4
48875,1955.0,5,3,2
48900,1956.0,4,3,1
48925,1957.0,3,1,2
48950,1958.0,5,2,3
48975,1959.0,3,2,1
49000,1960.0,5,3,2
49025,1961.0,3,2,1
49050,1962.0,7,4,3
49075,1963.0,8,5,3
49100,1964.0,9,5,4
49125,1965.0,6,2,4
49150,1966.0,6,2,4
49175,1967.0,7,4,3
49200,1968.0,5,4,1
49225,1969.0,3,2,1
49250,1970.0,7,4,3
49275,1971.0,9,5,4
49300,1972.0,8,3,5
49325,1973.0,3,2,1
49350,1974.0,6,4,2
49375,1975.0,6,4,2
49400,1976.0,5,3,2
49425,1977.0,3,0,3
49450,1978.0,5,2,3
49475,1979.0,4,0,4
49500,1980.0,9,3,6
49525,1981.0,6,4,2
49550,1982.0,8,5,3
49575,1983.0,7,5,2
49600,1984.0,5,2,3
49625,1985.0,8,3,5
49650,1986.0,11,5,6
49675,1987.0,10,5,5
49700,1988.0,10,3,7
49725,1989.0,12,5,7
49750,1990.0,13,5,8
49775,1991.0,6,3,3
49800,1992.0,11,6,5
49825,1993.0,12,5,7
49850,1994.0,11,4,7
49875,1995.0,9,5,4
49900,1996.0,7,5,2
49925,1997.0,9,7,2
49950,1998.0,8,6,2
49975,1999.0,8,4,4
50000,2000.0,6,3,3
50025,2001.0,6,3,3
50050,2002.0,7,5,2
50075,2003.0,9,5,4
50100,2004.0,10,3,7
50125,2005.0,8,3,5
50150,2006.0,5,3,2
50175,2007.0,10,6,4
50200,2008.0,6,4,2
50225,2009.0,7,4,3
50250,2010.0,9,4,5
50275,2011.0,11,4,7
50300,2012.0,10,2,8
50325,2013.0,12,3,9
50350,2014.0,14,3,11
50375,2015.0,12,4,8
50400,2016.0,16,5,11
50425,2017.0,16,5,11
50450,2018.0,14,5,9
50475,2019.0,15,1,14
50500,2020.0,16,0,16
50525,2021.0,14,0,14
50550,2022.0,15,1,14
50575,2023.0,22,6,16
50600,2024.0,19,6,13
50625,2025.0,14,4,10
50650,2026.0,25,6,19
50675,2027.0,14,6,8
50700,2028.0,17,5,12
50725,2029.0,18,4,14
50750,2030.0,8,3,5
50775,2031.0,7,5,2
50800,2032.0,9,5,4
50825,2033.0,7,3,4
50850,2034.0,4,2,2
50875,2035.0,7,3,4
50900,2036.0,9,3,6
50925,2037.0,9,4,5
50950,2038.0,8,2,6
50975,2039.0,12,5,7
51000,2040.0,9,5,4
51025,2041.0,12,7,5
51050,2042.0,11,6,5
51075,2043.0,10,4,6
51100,2044.0,8,5,3
51125,2045.0,10,5,5
51150,2046.0,9,5,4
51175,2047.0,4,2,2
51200,2048.0,3,2,1
51225,2049.0,5,3,2
51250,2050.0,8,3,5
51275,2051.0,7,3,4
51300,2052.0,8,2,6
51325,2053.0,8,0,8
51350,2054.0,10,0,10
51375,2055.0,10,1,9
51400,2056.0,6,2,4
51425,2057.0,8,2,6
51450,2058.0,9,2,7
51475,2059.0,9,3,6
51500,2060.0,12,4,8
51525,2061.0,10,2,8
51550,2062.0,11,1,10
51575,2063.0,15,4,11
51600,2064.0,14,1,13
51625,2065.0,16,4,12
51650,2066.0,15,6,9
51675,2067.0,10,4,6
51700,2068.0,14,5,9
51725,2069.0,11,4,7
51750,2070.0,13,3,10
51775,2071.0,12,3,9
51800,2072.0,16,6,10
51825,2073.0,12,5,7
51850,2074.0,6,1,5
51875,2075.0,13,2,11
51900,2076.0,12,2,10
51925,2077.0,9,3,6
51950,2078.0,14,5,9
51975,2079.0,18,7,11
52000,2080.0,15,6,9
52025,2081.0,10,2,8
52050,2082.0,11,4,7
52075,2083.0,11,5,6
52100,2084.0,7,3,4
52125,2085.0,5,2,3
52150,2086.0,6,3,3
52175,2087.0,7,4,3
52200,2088.0,7,4,3
52225,2089.0,7,5,2
52250,2090.0,4,4,0
52275,2091.0,6,3,3
52300,2092.0,9,5,4
52325,2093.0,7,3,4
52350,2094.0,7,3,4
52375,2095.0,5,5,0
52400,2096.0,9,6,3
52425,2097.0,7,4,3
52450,2098.0,7,4,3
52475,2099.0,9,4,5
52500,2100.0,8,2,6
52525,2101.0,10,4,6
52550,2102.0,8,2,6
52575,2103.0,11,4,7
52600,2104.0,13,5,8
52625,2105.0,12,4,8
52650,2106.0,13,8,5
52675,2107.0,10,6,4
52700,2108.0,8,5,3
52725,2109.0,8,4,4
52750,2110.0,8,6,2
52775,2111.0,7,4,3
52800,2112.0,9,6,3
52825,2113.0,8,5,3
52850,2114.0,5,3,2
52875,2115.0,7,3,4
52900,2116.0,8,5,3
52925,2117.0,7,5,2
52950,2118.0,5,3,2
52975,2119.0,6,3,3
53000,2120.0,6,3,3
53025,2121.0,10,6,4
53050,2122.0,13,7,6
53075,2123.0,11,5,6
53100,2124.0,11,4,7
53125,2125.0,15,6,9
53150,2126.0,9,5,4
53175,2127.0,9,5,4
53200,2128.0,6,4,2
53225,2129.0,9,4,5
53250,2130.0,10,5,5
53275,2131.0,7,4,3
53300,2132.0,9,6,3
53325,2133.0,12,5,7
53350,2134.0,11,4,7
53375,2135.0,12,7,5
53400,2136.0,14,7,7
53425,2137.0,10,7,3
53450,2138.0,8,5,3
53475,2139.0,7,4,3
53500,2140.0,9,4,5
53525,2141.0,9,4,5
53550,2142.0,13,4,9
53575,2143.0,10,4,6
53600,2144.0,9,5,4
53625,2145.0,14,3,11
53650,2146.0,10,3,7
53675,2147.0,10,4,6
53700,2148.0,11,3,8
53725,2149.0,11,2,9
53750,2150.0,11,2,9
53775,2151.0,13,4,9
53800,2152.0,7,3,4
53825,2153.0,15,5,10
53850,2154.0,13,4,9
53875,2155.0,12,3,9
53900,2156.0,17,5,12
53925,2157.0,13,5,8
53950,2158.0,16,6,10
53975,2159.0,19,7,12
54000,2160.0,13,6,7
54025,2161.0,17,5,12
54050,2162.0,11,3,8
54075,2163.0,10,2,8
54100,2164.0,6,1,5
54125,2165.0,9,0,9
54150,2166.0,8,0,8
54175,2167.0,9,0,9
54200,2168.0,9,0,9
54225,2169.0,12,1,11
54250,2170.0,13,1,12
54275,2171.0,6,1,5
54300,2172.0,6,1,5
54325,2173.0,4,0,4
54350,2174.0,6,1,5
54375,2175.0,8,2,6
54400,2176.0,8,4,4
54425,2177.0,10,5,5
54450,2178.0,12,3,9
54475,2179.0,16,5,11
54500,2180.0,15,4,11
54525,2181.0,16,5,11
54550,2182.0,17,4,13
54575,2183.0,16,4,12
54600,2184.0,13,2,11
54625,2185.0,11,3,8
54650,2186.0,13,3,10
54675,2187.0,5,1,4
54700,2188.0,10,4,6
54725,2189.0,12,3,9
54750,2190.0,7,3,4
54775,2191.0,8,3,5
54800,2192.0,7,2,5
54825,2193.0,9,4,5
54850,2194.0,9,3,6
54875,2195.0,11,4,7
54900,2196.0,13,4,9
54925,2197.0,15,5,10
54950,2198.0,8,3,5
54975,2199.0,6,2,4
55000,2200.0,4,2,2
55025,2201.0,4,1,3
55050,2202.0,4,1,3
55075,2203.0,9,3,6
55100,2204.0,5,2,3
55125,2205.0,6,4,2
55150,2206.0,7,3,4
55175,2207.0,6,2,4
55200,2208.0,5,2,3
55225,2209.0,6,2,4
55250,2210.0,7,2,5
55275,2211.0,7,3,4
55300,2212.0,9,5,4
55325,2213.0,13,9,4
55350,2214.0,10,6,4
55375,2215.0,15,6,9
55400,2216.0,13,5,8
55425,2217.0,15,6,9
55450,2218.0,14,4,10
55475,2219.0,14,1,13
55500,2220.0,10,2,8
55525,2221.0,12,5,7
55550,2222.0,12,5,7
55575,2223.0,10,3,7
55600,2224.0,8,4,4
55625,2225.0,12,5,7
55650,2226.0,12,4,8
55675,2227.0,8,6,2
55700,2228.0,6,5,1
55725,2229.0,10,5,5
55750,2230.0,5,4,1
55775,2231.0,9,6,3
55800,2232.0,8,5,3
55825,2233.0,4,2,2
55850,2234.0,4,2,2
55875,2235.0,7,4,3
55900,2236.0,8,5,3
55925,2237.0,9,6,3
55950,2238.0,7,4,3
55975,2239.0,4,2,2
56000,2240.0,4,1,3
56025,2241.0,7,3,4
56050,2242.0,9,4,5
56075,2243.0,9,4,5
56100,2244.0,7,5,2
56125,2245.0,12,4,8
56150,2246.0,9,4,5
56175,2247.0,10,6,4
56200,2248.0,11,6,5
56225,2249.0,11,7,4
56250,2250.0,9,5,4
56275,2251.0,9,7,2
56300,2252.0,9,5,4
56325,2253.0,11,5,6
56350,2254.0,7,4,3
56375,2255.0,6,3,3
56400,2256.0,9,4,5
56425,2257.0,6,4,2
56450,2258.0,5,2,3
56475,2259.0,6,3,3
56500,2260.0,9,3,6
56525,2261.0,8,4,4
56550,2262.0,9,2,7
56575,2263.0,8,2,6
56600,2264.0,8,4,4
56625,2265.0,6,3,3
56650,2266.0,6,2,4
56675,2267.0,6,3,3
56700,2268.0,5,2,3
56725,2269.0,5,1,4
56750,2270.0,6,3,3
56775,2271.0,7,2,5
56800,2272.0,9,4,5
56825,2273.0,9,4,5
56850,2274.0,9,5,4
56875,2275.0,8,2,6
56900,2276.0,7,2,5
56925,2277.0,7,1,6
56950,2278.0,4,0,4
56975,2279.0,9,2,7
57000,2280.0,10,4,6
57025,2281.0,14,5,9
57050,2282.0,12,5,7
57075,2283.0,13,4,9
57100,2284.0,9,4,5
57125,2285.0,10,4,6
57150,2286.0,6,4,2
57175,2287.0,4,2,2
57200,2288.0,4,2,2
57225,2289.0,5,1,4
57250,2290.0,4,1,3
57275,2291.0,6,2,4
57300,2292.0,10,4,6
57325,2293.0,10,4,6
57350,2294.0,10,2,8
57375,2295.0,7,1,6
57400,2296.0,9,3,6
57425,2297.0,9,3,6
57450,2298.0,10,5,5
57475,2299.0,9,6,3
57500,2300.0,9,4,5
57525,2301.0,5,2,3
57550,2302.0,3,1,2
57575,2303.0,5,3,2
57600,2304.0,4,3,1
57625,2305.0,5,4,1
57650,2306.0,6,2,4
57675,2307.0,3,0,3
57700,2308.0,4,0,4
57725,2309.0,2,1,1
57750,2310.0,5,2,3
57775,2311.0,3,1,2
57800,2312.0,4,0,4
57825,2313.0,6,0,6
57850,2314.0,5,0,5
57875,2315.0,5,0,5
57900,2316.0,8,2,6
57925,2317.0,6,1,5
57950,2318.0,4,1,3
57975,2319.0,5,1,4
58000,2320.0,7,2,5
58025,2321.0,5,2,3
58050,2322.0,5,2,3
58075,2323.0,6,3,3
58100,2324.0,5,3,2
58125,2325.0,3,1,2
58150,2326.0,5,1,4
58175,2327.0,7,2,5
58200,2328.0,12,2,10
58225,2329.0,11,1,10
58250,2330.0,12,2,10
58275,2331.0,12,3,9
58300,2332.0,4,3,1
58325,2333.0,6,4,2
58350,2334.0,9,3,6
58375,2335.0,8,4,4
58400,2336.0,13,5,8
58425,2337.0,13,4,9
58450,2338.0,13,4,9
58475,2339.0,8,3,5
58500,2340.0,8,2,6
58525,2341.0,9,1,8
58550,2342.0,8,1,7
58575,2343.0,8,1,7
58600,2344.0,11,3,8
58625,2345.0,7,3,4
58650,2346.0,8,5,3
58675,2347.0,7,3,4
58700,2348.0,5,4,1
58725,2349.0,5,2,3
58750,2350.0,5,2,3
58775,2351.0,5,3,2
58800,2352.0,7,4,3
58825,2353.0,5,3,2
58850,2354.0,4,3,1
58875,2355.0,5,2,3
58900,2356.0,8,4,4
58925,2357.0,10,7,3
58950,2358.0,9,4,5
58975,2359.0,9,4,5
59000,2360.0,8,4,4
59025,2361.0,6,1,5
59050,2362.0,6,3,3
59075,2363.0,3,2,1
59100,2364.0,6,4,2
59125,2365.0,7,5,2
59150,2366.0,8,4,4
59175,2367.0,6,4,2
59200,2368.0,10,6,4
59225,2369.0,10,4,6
59250,2370.0,10,4,6
59275,2371.0,11,3,8
59300,2372.0,13,3,10
59325,2373.0,8,4,4
59350,2374.0,6,3,3
59375,2375.0,7,5,2
59400,2376.0,7,4,3
59425,2377.0,9,4,5
59450,2378.0,7,4,3
59475,2379.0,5,3,2
59500,2380.0,8,6,2
59525,2381.0,6,6,0
59550,2382.0,5,5,0
59575,2383.0,7,4,3
59600,2384.0,9,5,4
59625,2385.0,6,2,4
59650,2386.0,6,2,4
59675,2387.0,2,2,0
59700,2388.0,4,3,1
59725,2389.0,6,3,3
59750,2390.0,3,1,2
59775,2391.0,3,1,2
59800,2392.0,3,1,2
59825,2393.0,5,3,2
59850,2394.0,5,3,2
59875,2395.0,6,3,3
59900,2396.0,6,4,2
59925,2397.0,8,6,2
59950,2398.0,10,6,4
59975,2399.0,6,3,3
60000,2400.0,6,5,1
60025,2401.0,5,4,1
60050,2402.0,5,4,1
60075,2403.0,4,3,1
60100,2404.0,5,3,2
60125,2405.0,3,1,2
60150,2406.0,4,2,2
60175,2407.0,7,3,4
60200,2408.0,3,1,2
60225,2409.0,4,2,2
60250,2410.0,3,1,2
60275,2411.0,4,2,2
60300,2412.0,4,2,2
60325,2413.0,6,2,4
60350,2414.0,4,2,2
60375,2415.0,8,4,4
60400,2416.0,6,3,3
60425,2417.0,7,3,4
60450,2418.0,7,3,4
60475,2419.0,10,6,4
60500,2420.0,13,8,5
60525,2421.0,9,6,3
60550,2422.0,7,5,2
60575,2423.0,7,3,4
60600,2424.0,5,2,3
60625,2425.0,5,2,3
60650,2426.0,6,2,4
60675,2427.0,3,1,2
60700,2428.0,5,0,5
60725,2429.0,4,0,4
60750,2430.0,8,3,5
60775,2431.0,11,4,7
60800,2432.0,11,2,9
60825,2433.0,7,1,6
60850,2434.0,6,2,4
60875,2435.0,4,1,3
60900,2436.0,4,2,2
60925,2437.0,7,2,5
60950,2438.0,5,1,4
60975,2439.0,6,1,5
61000,2440.0,8,1,7
61025,2441.0,7,5,2
61050,2442.0,7,5,2
61075,2443.0,8,5,3
61100,2444.0,5,3,2
61125,2445.0,4,2,2
61150,2446.0,7,3,4
61175,2447.0,2,1,1
61200,2448.0,2,2,0
61225,2449.0,7,3,4
61250,2450.0,3,3,0
61275,2451.0,6,4,2
61300,2452.0,6,4,2
61325,2453.0,10,5,5
61350,2454.0,8,6,2
61375,2455.0,9,5,4
61400,2456.0,10,5,5
61425,2457.0,11,7,4
61450,2458.0,6,4,2
61475,2459.0,7,5,2
61500,2460.0,8,2,6
61525,2461.0,8,5,3
61550,2462.0,7,3,4
61575,2463.0,6,2,4
61600,2464.0,8,2,6
61625,2465.0,9,4,5
61650,2466.0,6,2,4
61675,2467.0,9,5,4
61700,2468.0,8,3,5
61725,2469.0,7,1,6
61750,2470.0,13,4,9
61775,2471.0,15,4,11
61800,2472.0,15,3,12
61825,2473.0,6,3,3
61850,2474.0,6,1,5
61875,2475.0,10,2,8
61900,2476.0,8,2,6
61925,2477.0,7,2,5
61950,2478.0,10,3,7
61975,2479.0,9,4,5
62000,2480.0,5,2,3
62025,2481.0,5,3,2
62050,2482.0,8,3,5
62075,2483.0,9,2,7
62100,2484.0,3,0,3
62125,2485.0,10,5,5
62150,2486.0,11,5,6
62175,2487.0,8,3,5
62200,2488.0,7,1,6
62225,2489.0,5,2,3
62250,2490.0,7,2,5
62275,2491.0,9,3,6
62300,2492.0,6,2,4
62325,2493.0,8,1,7
62350,2494.0,6,0,6
62375,2495.0,6,0,6
62400,2496.0,12,1,11
62425,2497.0,12,0,12
62450,2498.0,11,1,10
62475,2499.0,13,2,11
62500,2500.0,11,1,10
62525,2501.0,11,2,9
62550,2502.0,9,3,6
62575,2503.0,7,3,4
62600,2504.0,8,1,7
62625,2505.0,7,0,7
62650,2506.0,7,0,7
62675,2507.0,8,1,7
62700,2508.0,9,3,6
62725,2509.0,3,1,2
62750,2510.0,4,1,3
62775,2511.0,1,1,0
62800,2512.0,6,2,4
62825,2513.0,6,2,4
62850,2514.0,5,1,4
62875,2515.0,3,0,3
62900,2516.0,3,0,3
62925,2517.0,5,0,5
62950,2518.0,7,0,7
62975,2519.0,5,0,5
63000,2520.0,6,0,6
63025,2521.0,6,1,5
63050,2522.0,6,0,6
63075,2523.0,6,0,6
63100,2524.0,9,1,8
63125,2525.0,9,1,8
63150,2526.0,10,0,10
63175,2527.0,11,0,11
63200,2528.0,17,2,15
63225,2529.0,15,1,14
63250,2530.0,17,3,14
63275,2531.0,20,4,16
63300,2532.0,21,5,16
63325,2533.0,20,6,14
63350,2534.0,19,3,16
63375,2535.0,17,3,14
63400,2536.0,13,4,9
63425,2537.0,10,4,6
63450,2538.0,9,2,7
63475,2539.0,14,3,11
63500,2540.0,13,4,9
63525,2541.0,16,4,12
63550,2542.0,13,3,10
63575,2543.0,12,3,9
63600,2544.0,12,2,10
63625,2545.0,15,5,10
63650,2546.0,11,5,6
63675,2547.0,12,5,7
63700,2548.0,14,5,9
63725,2549.0,11,4,7
63750,2550.0,15,3,12
63775,2551.0,14,3,11
63800,2552.0,12,2,10
63825,2553.0,12,4,8
63850,2554.0,9,3,6
63875,2555.0,7,2,5
63900,2556.0,5,2,3
63925,2557.0,6,3,3
63950,2558.0,7,2,5
63975,2559.0,7,2,5
64000,2560.0,8,0,8
64025,2561.0,9,1,8
64050,2562.0,9,1,8
64075,2563.0,9,1,8
64100,2564.0,9,2,7
64125,2565.0,12,4,8
64150,2566.0,7,3,4
64175,2567.0,8,4,4
64200,2568.0,5,3,2
64225,2569.0,6,3,3
64250,2570.0,5,3,2
64275,2571.0,4,3,1
64300,2572.0,3,2,1
64325,2573.0,5,3,2
64350,2574.0,5,3,2
64375,2575.0,5,1,4
64400,2576.0,3,0,3
64425,2577.0,2,0,2
64450,2578.0,3,0,3
64475,2579.0,3,1,2
64500,2580.0,3,1,2
64525,2581.0,6,2,4
64550,2582.0,7,5,2
64575,2583.0,7,4,3
64600,2584.0,6,2,4
64625,2585.0,5,1,4
64650,2586.0,4,2,2
64675,2587.0,5,2,3
64700,2588.0,4,0,4
64725,2589.0,2,0,2
64750,2590.0,5,1,4
64775,2591.0,6,2,4
64800,2592.0,7,3,4
64825,2593.0,5,2,3
64850,2594.0,9,4,5
64875,2595.0,9,8,1
64900,2596.0,10,7,3
64925,2597.0,10,6,4
64950,2598.0,8,3,5
64975,2599.0,9,5,4
65000,2600.0,11,7,4
65025,2601.0,6,5,1
65050,2602.0,6,2,4
65075,2603.0,8,3,5
65100,2604.0,5,2,3
65125,2605.0,6,2,4
65150,2606.0,7,2,5
65175,2607.0,7,2,5
65200,2608.0,5,1,4
65225,2609.0,6,3,3
65250,2610.0,4,2,2
65275,2611.0,7,3,4
65300,2612.0,6,2,4
65325,2613.0,7,2,5
65350,2614.0,10,2,8
65375,2615.0,5,0,5
65400,2616.0,3,3,0
65425,2617.0,5,4,1
65450,2618.0,7,4,3
65475,2619.0,6,3,3
65500,2620.0,7,4,3
65525,2621.0,6,2,4
65550,2622.0,5,1,4
65575,2623.0,7,2,5
65600,2624.0,8,4,4
65625,2625.0,6,2,4
65650,2626.0,7,1,6
65675,2627.0,7,1,6
65700,2628.0,8,1,7
65725,2629.0,13,4,9
65750,2630.0,12,5,7
65775,2631.0,11,4,7
65800,2632.0,12,4,8
65825,2633.0,8,3,5
65850,2634.0,4,2,2
65875,2635.0,3,0,3
65900,2636.0,5,1,4
65925,2637.0,4,0,4
65950,2638.0,4,0,4
65975,2639.0,6,0,6
66000,2640.0,5,0,5
66025,2641.0,5,0,5
66050,2642.0,3,0,3
66075,2643.0,4,1,3
66100,2644.0,5,3,2
66125,2645.0,6,3,3
66150,2646.0,4,1,3
66175,2647.0,6,2,4
66200,2648.0,7,1,6
66225,2649.0,9,3,6
66250,2650.0,8,3,5
66275,2651.0,6,2,4
66300,2652.0,8,2,6
66325,2653.0,8,4,4
66350,2654.0,9,2,7
66375,2655.0,8,0,8
66400,2656.0,9,0,9
66425,2657.0,8,1,7
66450,2658.0,9,1,8
66475,2659.0,11,1,10
66500,2660.0,9,2,7
66525,2661.0,5,1,4
66550,2662.0,4,0,4
66575,2663.0,5,1,4
66600,2664.0,9,2,7
66625,2665.0,6,1,5
66650,2666.0,8,3,5
66675,2667.0,7,4,3
66700,2668.0,6,4,2
66725,2669.0,6,4,2
66750,2670.0,4,3,1
66775,2671.0,5,4,1
66800,2672.0,6,4,2
66825,2673.0,4,3,1
66850,2674.0,3,3,0
66875,2675.0,4,1,3
66900,2676.0,5,1,4
66925,2677.0,2,1,1
66950,2678.0,6,2,4
66975,2679.0,5,1,4
67000,2680.0,5,2,3
67025,2681.0,3,2,1
67050,2682.0,4,2,2
67075,2683.0,5,3,2
67100,2684.0,5,2,3
67125,2685.0,5,3,2
67150,2686.0,5,3,2
67175,2687.0,6,5,1
67200,2688.0,4,2,2
67225,2689.0,4,2,2
67250,2690.0,3,1,2
67275,2691.0,4,2,2
67300,2692.0,1,1,0
67325,2693.0,1,0,1
67350,2694.0,4,0,4
67375,2695.0,5,1,4
67400,2696.0,6,3,3
67425,2697.0,7,3,4
67450,2698.0,10,6,4
67475,2699.0,9,4,5
67500,2700.0,6,3,3
67525,2701.0,5,3,2
67550,2702.0,6,6,0
67575,2703.0,3,2,1
67600,2704.0,5,3,2
67625,2705.0,6,3,3
67650,2706.0,8,4,4
67675,2707.0,7,3,4
67700,2708.0,5,2,3
67725,2709.0,5,2,3
67750,2710.0,3,2,1
67775,2711.0,3,1,2
67800,2712.0,6,3,3
67825,2713.0,7,3,4
67850,2714.0,5,5,0
67875,2715.0,5,4,1
67900,2716.0,6,3,3
67925,2717.0,6,3,3
67950,2718.0,7,2,5
67975,2719.0,3,1,2
68000,2720.0,0,0,0
68025,2721.0,0,0,0
68050,2722.0,1,0,1
68075,2723.0,3,0,3
68100,2724.0,5,1,4
68125,2725.0,6,2,4
68150,2726.0,6,2,4
68175,2727.0,4,2,2
68200,2728.0,6,2,4
68225,2729.0,3,1,2
68250,2730.0,4,1,3
68275,2731.0,6,3,3
68300,2732.0,2,1,1
68325,2733.0,5,3,2
68350,2734.0,2,0,2
68375,2735.0,7,3,4
68400,2736.0,7,3,4
68425,2737.0,9,4,5
68450,2738.0,5,3,2
68475,2739.0,8,5,3
68500,2740.0,7,5,2
68525,2741.0,5,2,3
68550,2742.0,4,2,2
68575,2743.0,3,2,1
68600,2744.0,8,5,3
68625,2745.0,7,4,3
68650,2746.0,6,2,4
68675,2747.0,8,3,5
68700,2748.0,8,3,5
68725,2749.0,9,4,5
68750,2750.0,9,6,3
68775,2751.0,7,5,2
68800,2752.0,7,5,2
68825,2753.0,6,2,4
68850,2754.0,7,3,4
68875,2755.0,8,4,4
68900,2756.0,11,6,5
68925,2757.0,9,6,3
68950,2758.0,9,7,2
68975,2759.0,11,6,5
69000,2760.0,11,5,6
69025,2761.0,14,9,5
69050,2762.0,10,8,2
69075,2763.0,9,5,4
69100,2764.0,9,6,3
69125,2765.0,10,5,5
69150,2766.0,7,5,2
69175,2767.0,9,5,4
69200,2768.0,8,5,3
69225,2769.0,5,3,2
69250,2770.0,11,7,4
69275,2771.0,7,5,2
69300,2772.0,9,6,3
69325,2773.0,8,3,5
69350,2774.0,8,3,5
69375,2775.0,9,3,6
69400,2776.0,7,2,5
69425,2777.0,7,3,4
69450,2778.0,7,3,4
69475,2779.0,8,3,5
69500,2780.0,7,2,5
69525,2781.0,9,2,7
69550,2782.0,3,0,3
69575,2783.0,7,0,7
69600,2784.0,6,0,6
69625,2785.0,6,0,6
69650,2786.0,7,2,5
69675,2787.0,7,3,4
69700,2788.0,12,6,6
69725,2789.0,12,6,6
69750,2790.0,10,5,5
69775,2791.0,8,5,3
69800,2792.0,8,4,4
69825,2793.0,9,3,6
69850,2794.0,8,2,6
69875,2795.0,5,0,5
69900,2796.0,2,0,2
69925,2797.0,4,1,3
69950,2798.0,3,1,2
69975,2799.0,4,2,2
70000,2800.0,4,3,1
70025,2801.0,5,3,2
70050,2802.0,8,5,3
70075,2803.0,7,4,3
70100,2804.0,6,4,2
70125,2805.0,4,2,2
70150,2806.0,4,2,2
70175,2807.0,5,3,2
70200,2808.0,5,3,2
70225,2809.0,3,1,2
70250,2810.0,5,1,4
70275,2811.0,5,0,5
70300,2812.0,4,0,4
70325,2813.0,5,0,5
70350,2814.0,5,0,5
70375,2815.0,3,0,3
70400,2816.0,3,0,3
70425,2817.0,2,0,2
70450,2818.0,1,0,1
70475,2819.0,2,0,2
70500,2820.0,3,0,3
70525,2821.0,4,0,4
70550,2822.0,4,2,2
70575,2823.0,5,2,3
70600,2824.0,4,3,1
70625,2825.0,1,0,1
70650,2826.0,1,0,1
70675,2827.0,3,2,1
70700,2828.0,4,3,1
70725,2829.0,5,3,2
70750,2830.0,5,2,3
70775,2831.0,5,1,4
70800,2832.0,4,2,2
70825,2833.0,3,3,0
70850,2834.0,5,3,2
70875,2835.0,4,2,2
70900,2836.0,6,4,2
70925,2837.0,4,1,3
70950,2838.0,5,1,4
70975,2839.0,3,1,2
71000,2840.0,1,1,0
71025,2841.0,4,3,1
71050,2842.0,4,3,1
71075,2843.0,2,1,1
71100,2844.0,3,3,0
71125,2845.0,2,1,1
71150,2846.0,3,1,2
71175,2847.0,2,0,2
71200,2848.0,2,0,2
71225,2849.0,3,1,2
71250,2850.0,2,2,0
71275,2851.0,4,2,2
71300,2852.0,7,2,5
71325,2853.0,7,4,3
71350,2854.0,7,6,1
71375,2855.0,7,5,2
71400,2856.0,10,4,6
71425,2857.0,9,5,4
71450,2858.0,6,3,3
71475,2859.0,4,3,1
71500,2860.0,6,5,1
71525,2861.0,8,6,2
71550,2862.0,9,5,4
71575,2863.0,6,2,4
71600,2864.0,6,3,3
71625,2865.0,4,2,2
71650,2866.0,4,1,3
71675,2867.0,5,2,3
71700,2868.0,5,1,4
71725,2869.0,6,3,3
71750,2870.0,8,2,6
71775,2871.0,6,1,5
71800,2872.0,7,1,6
71825,2873.0,6,3,3
71850,2874.0,7,2,5
71875,2875.0,6,2,4
71900,2876.0,9,2,7
71925,2877.0,10,2,8
71950,2878.0,8,2,6
71975,2879.0,12,4,8
72000,2880.0,8,4,4
72025,2881.0,7,4,3
72050,2882.0,9,3,6
72075,2883.0,9,3,6
72100,2884.0,9,3,6
72125,2885.0,8,3,5
72150,2886.0,8,4,4
72175,2887.0,9,5,4
72200,2888.0,7,5,2
72225,2889.0,4,3,1
72250,2890.0,4,3,1
72275,2891.0,7,6,1
72300,2892.0,8,6,2
72325,2893.0,6,4,2
72350,2894.0,5,2,3
72375,2895.0,8,5,3
72400,2896.0,8,6,2
72425,2897.0,7,3,4
72450,2898.0,9,3,6
72475,2899.0,11,6,5
72500,2900.0,11,4,7
72525,2901.0,11,4,7
72550,2902.0,6,3,3
72575,2903.0,5,1,4
72600,2904.0,4,1,3
72625,2905.0,6,1,5
72650,2906.0,5,1,4
72675,2907.0,4,1,3
72700,2908.0,5,2,3
72725,2909.0,2,1,1
72750,2910.0,4,3,1
72775,2911.0,4,2,2
72800,2912.0,7,3,4
72825,2913.0,6,3,3
72850,2914.0,7,2,5
72875,2915.0,5,1,4
72900,2916.0,5,0,5
72925,2917.0,8,1,7
72950,2918.0,8,2,6
72975,2919.0,11,3,8
73000,2920.0,11,3,8
73025,2921.0,12,4,8
73050,2922.0,8,2,6
73075,2923.0,9,2,7
73100,2924.0,10,1,9
73125,2925.0,4,0,4
73150,2926.0,7,1,6
73175,2927.0,5,1,4
73200,2928.0,6,3,3
73225,2929.0,6,2,4
73250,2930.0,3,0,3
73275,2931.0,4,2,2
73300,2932.0,7,4,3
73325,2933.0,8,3,5
73350,2934.0,11,3,8
73375,2935.0,9,2,7
73400,2936.0,8,1,7
73425,2937.0,11,3,8
73450,2938.0,14,5,9
73475,2939.0,11,4,7
73500,2940.0,12,5,7
73525,2941.0,14,5,9
73550,2942.0,9,4,5
73575,2943.0,11,4,7
73600,2944.0,10,5,5
73625,2945.0,7,3,4
73650,2946.0,6,1,5
73675,2947.0,7,1,6
73700,2948.0,3,1,2
73725,2949.0,4,0,4
73750,2950.0,5,1,4
73775,2951.0,6,3,3
73800,2952.0,7,5,2
73825,2953.0,3,1,2
73850,2954.0,4,1,3
73875,2955.0,5,2,3
73900,2956.0,10,4,6
73925,2957.0,11,4,7
73950,2958.0,7,3,4
73975,2959.0,7,4,3
74000,2960.0,7,4,3
74025,2961.0,9,4,5
74050,2962.0,12,4,8
74075,2963.0,11,3,8
74100,2964.0,11,3,8
74125,2965.0,6,2,4
74150,2966.0,4,1,3
74175,2967.0,6,1,5
74200,2968.0,7,2,5
74225,2969.0,6,1,5
74250,2970.0,5,1,4
74275,2971.0,8,1,7
74300,2972.0,7,1,6
74325,2973.0,9,2,7
74350,2974.0,7,1,6
74375,2975.0,11,4,7
74400,2976.0,9,4,5
74425,2977.0,9,2,7
74450,2978.0,10,2,8
74475,2979.0,9,1,8
74500,2980.0,9,0,9
74525,2981.0,6,1,5
74550,2982.0,5,1,4
74575,2983.0,5,1,4
74600,2984.0,5,0,5
74625,2985.0,6,1,5
74650,2986.0,6,1,5
74675,2987.0,7,0,7
74700,2988.0,7,1,6
74725,2989.0,10,1,9
74750,2990.0,5,1,4
74775,2991.0,6,1,5
74800,2992.0,5,1,4
74825,2993.0,3,2,1
74850,2994.0,4,1,3
74875,2995.0,5,1,4
74900,2996.0,6,1,5
74925,2997.0,4,1,3
74950,2998.0,6,2,4
74975,2999.0,6,2,4
75000,3000.0,5,2,3
75025,3001.0,8,4,4
75050,3002.0,10,4,6
75075,3003.0,9,4,5
75100,3004.0,5,2,3
75125,3005.0,5,2,3
75150,3006.0,4,2,2
75175,3007.0,6,3,3
75200,3008.0,5,2,3
75225,3009.0,4,2,2
75250,3010.0,4,2,2
75275,3011.0,5,3,2
75300,3012.0,3,2,1
75325,3013.0,5,2,3
75350,3014.0,5,3,2
75375,3015.0,8,3,5
75400,3016.0,9,5,4
75425,3017.0,10,4,6
75450,3018.0,7,4,3
75475,3019.0,7,4,3
75500,3020.0,7,4,3
75525,3021.0,7,3,4
75550,3022.0,9,5,4
75575,3023.0,11,6,5
75600,3024.0,12,5,7
75625,3025.0,9,4,5
75650,3026.0,9,3,6
75675,3027.0,9,3,6
75700,3028.0,10,4,6
75725,3029.0,11,4,7
75750,3030.0,12,3,9
75775,3031.0,11,5,6
75800,3032.0,14,5,9
75825,3033.0,13,3,10
75850,3034.0,6,1,5
75875,3035.0,3,0,3
75900,3036.0,5,0,5
75925,3037.0,7,2,5
75950,3038.0,6,1,5
75975,3039.0,4,1,3
76000,3040.0,8,1,7
76025,3041.0,6,2,4
76050,3042.0,7,2,5
76075,3043.0,9,3,6
76100,3044.0,8,3,5
76125,3045.0,6,2,4
76150,3046.0,6,2,4
76175,3047.0,5,3,2
76200,3048.0,7,3,4
76225,3049.0,4,2,2
76250,3050.0,5,0,5
76275,3051.0,5,0,5
76300,3052.0,6,1,5
76325,3053.0,8,1,7
76350,3054.0,10,1,9
76375,3055.0,7,1,6
76400,3056.0,12,3,9
76425,3057.0,10,2,8
76450,3058.0,16,4,12
76475,3059.0,16,5,11
76500,3060.0,10,1,9
76525,3061.0,15,4,11
76550,3062.0,13,5,8
76575,3063.0,15,5,10
76600,3064.0,14,8,6
76625,3065.0,11,4,7
76650,3066.0,11,5,6
76675,3067.0,12,4,8
76700,3068.0,9,4,5
76725,3069.0,9,2,7
76750,3070.0,11,3,8
76775,3071.0,14,5,9
76800,3072.0,19,5,14
76825,3073.0,10,4,6
76850,3074.0,13,2,11
76875,3075.0,13,2,11
76900,3076.0,8,1,7
76925,3077.0,10,3,7
76950,3078.0,9,2,7
76975,3079.0,7,2,5
77000,3080.0,10,2,8
77025,3081.0,9,3,6
77050,3082.0,16,7,9
77075,3083.0,10,4,6
77100,3084.0,14,4,10
77125,3085.0,14,5,9
77150,3086.0,11,4,7
77175,3087.0,15,4,11
77200,3088.0,11,3,8
77225,3089.0,11,3,8
77250,3090.0,11,4,7
77275,3091.0,12,4,8
77300,3092.0,8,1,7
77325,3093.0,5,3,2
77350,3094.0,6,3,3
77375,3095.0,10,3,7
77400,3096.0,6,1,5
77425,3097.0,7,1,6
77450,3098.0,5,2,3
77475,3099.0,6,4,2
77500,3100.0,10,6,4
77525,3101.0,7,3,4
77550,3102.0,9,3,6
77575,3103.0,9,5,4
77600,3104.0,5,2,3
77625,3105.0,5,4,1
77650,3106.0,5,4,1
77675,3107.0,8,5,3
77700,3108.0,10,5,5
77725,3109.0,7,6,1
77750,3110.0,7,5,2
77775,3111.0,9,5,4
77800,3112.0,11,7,4
77825,3113.0,14,7,7
77850,3114.0,7,5,2
77875,3115.0,9,4,5
77900,3116.0,5,4,1
77925,3117.0,5,4,1
77950,3118.0,4,2,2
77975,3119.0,5,4,1
78000,3120.0,4,3,1
78025,3121.0,1,0,1
78050,3122.0,2,1,1
78075,3123.0,2,1,1
78100,3124.0,3,1,2
78125,3125.0,3,1,2
78150,3126.0,3,1,2
78175,3127.0,3,2,1
78200,3128.0,2,1,1
78225,3129.0,6,3,3
78250,3130.0,3,2,1
78275,3131.0,6,3,3
78300,3132.0,6,2,4
78325,3133.0,5,3,2
78350,3134.0,5,2,3
78375,3135.0,2,1,1
78400,3136.0,2,2,0
78425,3137.0,3,2,1
78450,3138.0,4,3,1
78475,3139.0,3,3,0
78500,3140.0,2,2,0
78525,3141.0,3,2,1
78550,3142.0,4,2,2
78575,3143.0,6,2,4
78600,3144.0,3,1,2
78625,3145.0,4,3,1
78650,3146.0,8,3,5
78675,3147.0,9,5,4
78700,3148.0,7,2,5
78725,3149.0,6,3,3
78750,3150.0,4,2,2
78775,3151.0,8,4,4
78800,3152.0,7,2,5
78825,3153.0,8,3,5
78850,3154.0,14,5,9
78875,3155.0,8,2,6
78900,3156.0,9,4,5
78925,3157.0,8,3,5
78950,3158.0,7,2,5
78975,3159.0,8,3,5
79000,3160.0,5,1,4
79025,3161.0,6,2,4
79050,3162.0,8,5,3
79075,3163.0,3,1,2
79100,3164.0,4,1,3
79125,3165.0,4,0,4
79150,3166.0,11,6,5
79175,3167.0,7,2,5
79200,3168.0,7,4,3
79225,3169.0,9,6,3
79250,3170.0,12,7,5
79275,3171.0,9,4,5
79300,3172.0,9,3,6
79325,3173.0,7,2,5
79350,3174.0,8,3,5
79375,3175.0,9,4,5
79400,3176.0,9,4,5
79425,3177.0,10,5,5
79450,3178.0,9,6,3
79475,3179.0,11,5,6
79500,3180.0,11,5,6
79525,3181.0,8,4,4
79550,3182.0,8,3,5
79575,3183.0,10,4,6
79600,3184.0,13,7,6
79625,3185.0,11,5,6
79650,3186.0,11,4,7
79675,3187.0,10,3,7
79700,3188.0,14,4,10
79725,3189.0,15,4,11
79750,3190.0,14,4,10
79775,3191.0,11,4,7
79800,3192.0,11,6,5
79825,3193.0,10,7,3
79850,3194.0,10,5,5
79875,3195.0,11,6,5
79900,3196.0,7,5,2
79925,3197.0,8,5,3
79950,3198.0,6,3,3
79975,3199.0,9,4,5
80000,3200.0,11,5,6
80025,3201.0,9,3,6
80050,3202.0,9,3,6
80075,3203.0,8,2,6
80100,3204.0,11,4,7
80125,3205.0,13,5,8
80150,3206.0,8,4,4
80175,3207.0,7,4,3
80200,3208.0,10,7,3
80225,3209.0,7,5,2
80250,3210.0,7,4,3
80275,3211.0,7,3,4
80300,3212.0,5,2,3
80325,3213.0,6,1,5
80350,3214.0,7,3,4
80375,3215.0,9,4,5
80400,3216.0,9,4,5
80425,3217.0,8,4,4
80450,3218.0,5,3,2
80475,3219.0,5,4,1
80500,3220.0,4,3,1
80525,3221.0,6,2,4
80550,3222.0,6,4,2
80575,3223.0,5,2,3
80600,3224.0,4,2,2
80625,3225.0,6,3,3
80650,3226.0,6,3,3
80675,3227.0,8,3,5
80700,3228.0,9,5,4
80725,3229.0,5,2,3
80750,3230.0,8,4,4
80775,3231.0,4,3,1
80800,3232.0,4,2,2
80825,3233.0,3,2,1
80850,3234.0,5,2,3
80875,3235.0,5,3,2
80900,3236.0,4,3,1
80925,3237.0,4,3,1
80950,3238.0,2,2,0
80975,3239.0,3,2,1
81000,3240.0,4,2,2
81025,3241.0,6,2,4
81050,3242.0,5,2,3
81075,3243.0,5,1,4
81100,3244.0,5,2,3
81125,3245.0,5,4,1
81150,3246.0,3,3,0
81175,3247.0,3,2,1
81200,3248.0,5,2,3
81225,3249.0,6,1,5
81250,3250.0,4,1,3
81275,3251.0,2,1,1
81300,3252.0,5,3,2
81325,3253.0,3,2,1
81350,3254.0,4,2,2
81375,3255.0,6,3,3
81400,3256.0,9,3,6
81425,3257.0,8,3,5
81450,3258.0,8,2,6
81475,3259.0,7,2,5
81500,3260.0,10,3,7
81525,3261.0,8,3,5
81550,3262.0,16,4,12
81575,3263.0,16,3,13
81600,3264.0,10,2,8
81625,3265.0,11,0,11
81650,3266.0,10,2,8
81675,3267.0,10,4,6
81700,3268.0,13,6,7
81725,3269.0,11,4,7
81750,3270.0,9,3,6
81775,3271.0,9,1,8
81800,3272.0,9,0,9
81825,3273.0,8,0,8
81850,3274.0,7,1,6
81875,3275.0,10,1,9
81900,3276.0,8,0,8
81925,3277.0,6,0,6
81950,3278.0,10,0,10
81975,3279.0,9,1,8
82000,3280.0,10,2,8
82025,3281.0,11,2,9
82050,3282.0,9,2,7
82075,3283.0,9,2,7
82100,3284.0,12,3,9
82125,3285.0,13,2,11
82150,3286.0,11,2,9
82175,3287.0,10,3,7
82200,3288.0,7,1,6
82225,3289.0,4,0,4
82250,3290.0,4,1,3
82275,3291.0,4,1,3
82300,3292.0,4,1,3
82325,3293.0,3,1,2
82350,3294.0,7,3,4
82375,3295.0,4,3,1
82400,3296.0,6,3,3
82425,3297.0,5,3,2
82450,3298.0,3,2,1
82475,3299.0,6,4,2
82500,3300.0,6,5,1
82525,3301.0,4,4,0
82550,3302.0,3,3,0
82575,3303.0,4,4,0
82600,3304.0,9,6,3
82625,3305.0,5,3,2
82650,3306.0,5,2,3
82675,3307.0,3,1,2
82700,3308.0,7,4,3
82725,3309.0,10,7,3
82750,3310.0,8,5,3
82775,3311.0,6,3,3
82800,3312.0,8,3,5
82825,3313.0,8,4,4
82850,3314.0,6,3,3
82875,3315.0,4,2,2
82900,3316.0,5,3,2
82925,3317.0,7,4,3
82950,3318.0,5,4,1
82975,3319.0,6,4,2
83000,3320.0,6,4,2
83025,3321.0,8,7,1
83050,3322.0,7,4,3
83075,3323.0,10,5,5
83100,3324.0,6,1,5
83125,3325.0,6,1,5
83150,3326.0,5,2,3
83175,3327.0,11,5,6
83200,3328.0,13,7,6
83225,3329.0,13,6,7
83250,3330.0,12,5,7
83275,3331.0,8,3,5
83300,3332.0,11,3,8
83325,3333.0,10,3,7
83350,3334.0,16,5,11
83375,3335.0,8,3,5
83400,3336.0,12,2,10
83425,3337.0,10,2,8
83450,3338.0,16,4,12
83475,3339.0,15,3,12
83500,3340.0,17,5,12
83525,3341.0,13,3,10
83550,3342.0,17,4,13
83575,3343.0,13,3,10
83600,3344.0,15,4,11
83625,3345.0,9,5,4
83650,3346.0,9,5,4
83675,3347.0,6,2,4
83700,3348.0,5,1,4
83725,3349.0,2,0,2
83750,3350.0,5,2,3
83775,3351.0,2,2,0
83800,3352.0,2,2,0
83825,3353.0,5,3,2
83850,3354.0,3,2,1
83875,3355.0,3,2,1
83900,3356.0,4,1,3
83925,3357.0,4,0,4
83950,3358.0,5,2,3
83975,3359.0,6,1,5
84000,3360.0,8,3,5
84025,3361.0,4,2,2
84050,3362.0,5,2,3
84075,3363.0,5,2,3
84100,3364.0,5,1,4
84125,3365.0,7,2,5
84150,3366.0,8,3,5
84175,3367.0,8,4,4
84200,3368.0,7,2,5
84225,3369.0,6,3,3
84250,3370.0,6,4,2
84275,3371.0,5,3,2
84300,3372.0,7,5,2
84325,3373.0,5,3,2
84350,3374.0,7,3,4
84375,3375.0,9,3,6
84400,3376.0,8,3,5
84425,3377.0,9,3,6
84450,3378.0,9,4,5
84475,3379.0,8,3,5
84500,3380.0,7,3,4
84525,3381.0,8,3,5
84550,3382.0,8,5,3
84575,3383.0,11,7,4
84600,3384.0,11,7,4
84625,3385.0,8,6,2
84650,3386.0,5,4,1
84675,3387.0,2,2,0
84700,3388.0,4,4,0
84725,3389.0,5,4,1
84750,3390.0,4,2,2
84775,3391.0,5,0,5
84800,3392.0,3,0,3
84825,3393.0,6,1,5
84850,3394.0,6,1,5
84875,3395.0,8,1,7
84900,3396.0,12,2,10
84925,3397.0,10,2,8
84950,3398.0,14,2,12
84975,3399.0,12,1,11
85000,3400.0,5,0,5
85025,3401.0,5,0,5
85050,3402.0,5,0,5
85075,3403.0,5,1,4
85100,3404.0,8,3,5
85125,3405.0,7,3,4
85150,3406.0,10,1,9
85175,3407.0,6,1,5
85200,3408.0,6,1,5
85225,3409.0,7,1,6
85250,3410.0,6,1,5
85275,3411.0,5,1,4
85300,3412.0,12,1,11
85325,3413.0,7,0,7
85350,3414.0,5,0,5
85375,3415.0,4,2,2
85400,3416.0,2,2,0
85425,3417.0,4,2,2
85450,3418.0,6,3,3
85475,3419.0,5,3,2
85500,3420.0,3,1,2
85525,3421.0,1,1,0
85550,3422.0,5,3,2
85575,3423.0,9,4,5
85600,3424.0,7,4,3
85625,3425.0,5,3,2
85650,3426.0,6,3,3
85675,3427.0,6,2,4
85700,3428.0,5,0,5
85725,3429.0,6,0,6
85750,3430.0,5,0,5
85775,3431.0,6,0,6
85800,3432.0,8,2,6
85825,3433.0,6,1,5
85850,3434.0,9,1,8
85875,3435.0,13,1,12
85900,3436.0,10,0,10
85925,3437.0,8,0,8
85950,3438.0,10,1,9
85975,3439.0,11,2,9
86000,3440.0,8,2,6
86025,3441.0,8,1,7
86050,3442.0,11,3,8
86075,3443.0,7,1,6
86100,3444.0,6,2,4
86125,3445.0,2,1,1
86150,3446.0,5,1,4
86175,3447.0,4,2,2
86200,3448.0,7,3,4
86225,3449.0,5,2,3
86250,3450.0,6,4,2
86275,3451.0,3,3,0
86300,3452.0,3,2,1
86325,3453.0,4,2,2
86350,3454.0,4,2,2
86375,3455.0,6,4,2
86400,3456.0,3,2,1
86425,3457.0,5,4,1
86450,3458.0,4,3,1
86475,3459.0,5,2,3
86500,3460.0,6,3,3
86525,3461.0,9,3,6
86550,3462.0,8,4,4
86575,3463.0,6,3,3
86600,3464.0,7,3,4
86625,3465.0,8,2,6
86650,3466.0,6,4,2
86675,3467.0,7,5,2
86700,3468.0,9,3,6
86725,3469.0,9,4,5
86750,3470.0,6,3,3
86775,3471.0,5,1,4
86800,3472.0,9,2,7
86825,3473.0,12,3,9
86850,3474.0,12,4,8
86875,3475.0,13,3,10
86900,3476.0,10,3,7
86925,3477.0,10,5,5
86950,3478.0,15,4,11
86975,3479.0,15,4,11
87000,3480.0,14,6,8
87025,3481.0,12,5,7
87050,3482.0,6,3,3
87075,3483.0,10,4,6
87100,3484.0,9,3,6
87125,3485.0,10,4,6
87150,3486.0,7,1,6
87175,3487.0,9,3,6
87200,3488.0,9,2,7
87225,3489.0,8,3,5
87250,3490.0,6,3,3
87275,3491.0,5,2,3
87300,3492.0,7,3,4
87325,3493.0,9,3,6
87350,3494.0,7,1,6
87375,3495.0,8,1,7
87400,3496.0,12,3,9
87425,3497.0,12,3,9
87450,3498.0,15,4,11
87475,3499.0,13,5,8
87500,3500.0,12,2,10
87525,3501.0,14,4,10
87550,3502.0,10,2,8
87575,3503.0,15,4,11
87600,3504.0,14,7,7
87625,3505.0,15,9,6
87650,3506.0,12,7,5
87675,3507.0,13,6,7
87700,3508.0,9,4,5
87725,3509.0,11,5,6
87750,3510.0,11,6,5
87775,3511.0,12,5,7
87800,3512.0,9,5,4
87825,3513.0,9,3,6
87850,3514.0,10,3,7
87875,3515.0,7,2,5
87900,3516.0,7,1,6
87925,3517.0,5,1,4
87950,3518.0,5,1,4
87975,3519.0,7,2,5
88000,3520.0,4,3,1
88025,3521.0,7,4,3
88050,3522.0,6,3,3
88075,3523.0,8,4,4
88100,3524.0,8,2,6
88125,3525.0,8,2,6
88150,3526.0,5,2,3
88175,3527.0,8,3,5
88200,3528.0,7,2,5
88225,3529.0,10,3,7
88250,3530.0,9,2,7
88275,3531.0,10,1,9
88300,3532.0,7,2,5
88325,3533.0,10,3,7
88350,3534.0,7,4,3
88375,3535.0,8,2,6
88400,3536.0,4,1,3
88425,3537.0,6,2,4
88450,3538.0,0,0,0
88475,3539.0,1,1,0
88500,3540.0,1,1,0
88525,3541.0,1,1,0
88550,3542.0,5,3,2
88575,3543.0,6,3,3
88600,3544.0,6,3,3
88625,3545.0,9,5,4
88650,3546.0,5,3,2
88675,3547.0,5,3,2
88700,3548.0,5,3,2
88725,3549.0,7,5,2
88750,3550.0,4,3,1
88775,3551.0,3,2,1
88800,3552.0,3,3,0
88825,3553.0,3,2,1
88850,3554.0,3,2,1
88875,3555.0,4,2,2
88900,3556.0,3,0,3
88925,3557.0,6,1,5
88950,3558.0,4,2,2
88975,3559.0,4,1,3
89000,3560.0,6,3,3
89025,3561.0,7,2,5
89050,3562.0,4,1,3
89075,3563.0,7,1,6
89100,3564.0,5,0,5
89125,3565.0,7,0,7
89150,3566.0,4,0,4
89175,3567.0,5,0,5
89200,3568.0,8,0,8
89225,3569.0,8,0,8
89250,3570.0,8,0,8
89275,3571.0,7,0,7
89300,3572.0,11,3,8
89325,3573.0,12,6,6
89350,3574.0,14,4,10
89375,3575.0,9,4,5
89400,3576.0,12,4,8
89425,3577.0,15,7,8
89450,3578.0,13,4,9
89475,3579.0,8,3,5
89500,3580.0,12,3,9
89525,3581.0,8,2,6
89550,3582.0,6,2,4
89575,3583.0,7,3,4
89600,3584.0,5,4,1
89625,3585.0,6,4,2
89650,3586.0,3,1,2
89675,3587.0,3,3,0
89700,3588.0,6,2,4
89725,3589.0,6,2,4
89750,3590.0,5,1,4
89775,3591.0,6,2,4
89800,3592.0,9,5,4
89825,3593.0,10,7,3
89850,3594.0,8,5,3
89875,3595.0,9,5,4
89900,3596.0,10,4,6
89925,3597.0,11,3,8
89950,3598.0,11,4,7
89975,3599.0,13,4,9
