frame_index,time,vehicle_num,vehicle_num_l,vehicle_num_r
0,0.0,0,0,0
25,1.0,4,3,1
50,2.0,4,4,0
75,3.0,1,1,0
100,4.0,0,0,0
125,5.0,2,2,0
150,6.0,0,0,0
175,7.0,1,1,0
200,8.0,6,6,0
225,9.0,11,11,0
250,10.0,13,12,1
275,11.0,14,13,1
300,12.0,14,13,1
325,13.0,11,11,0
350,14.0,11,9,2
375,15.0,12,11,1
400,16.0,14,11,3
425,17.0,10,5,5
450,18.0,10,6,4
475,19.0,9,7,2
500,20.0,7,5,2
525,21.0,5,3,2
550,22.0,3,2,1
575,23.0,3,3,0
600,24.0,3,3,0
625,25.0,6,6,0
650,26.0,7,7,0
675,27.0,11,11,0
700,28.0,11,11,0
725,29.0,9,8,1
750,30.0,6,6,0
775,31.0,5,5,0
800,32.0,6,6,0
825,33.0,4,4,0
850,34.0,3,3,0
875,35.0,4,4,0
900,36.0,8,8,0
925,37.0,6,6,0
950,38.0,6,4,2
975,39.0,8,7,1
1000,40.0,7,7,0
1025,41.0,2,2,0
1050,42.0,6,4,2
1075,43.0,5,3,2
1100,44.0,4,3,1
1125,45.0,3,2,1
1150,46.0,3,3,0
1175,47.0,2,2,0
1200,48.0,4,4,0
1225,49.0,5,4,1
1250,50.0,7,7,0
1275,51.0,5,5,0
1300,52.0,4,4,0
1325,53.0,6,5,1
1350,54.0,3,3,0
1375,55.0,5,5,0
1400,56.0,3,3,0
1425,57.0,9,9,0
1450,58.0,7,7,0
1475,59.0,5,5,0
1500,60.0,7,7,0
1525,61.0,6,6,0
1550,62.0,5,5,0
1575,63.0,5,5,0
1600,64.0,4,3,1
1625,65.0,4,3,1
1650,66.0,6,4,2
1675,67.0,6,2,4
1700,68.0,5,2,3
1725,69.0,5,3,2
1750,70.0,4,2,2
1775,71.0,1,1,0
1800,72.0,1,1,0
1825,73.0,0,0,0
1850,74.0,1,1,0
1875,75.0,2,2,0
1900,76.0,0,0,0
1925,77.0,0,0,0
1950,78.0,0,0,0
1975,79.0,2,2,0
2000,80.0,1,1,0
2025,81.0,1,1,0
2050,82.0,1,1,0
2075,83.0,1,1,0
2100,84.0,3,1,2
2125,85.0,5,4,1
2150,86.0,10,9,1
2175,87.0,10,7,3
2200,88.0,5,4,1
2225,89.0,7,6,1
2250,90.0,4,4,0
2275,91.0,6,6,0
2300,92.0,3,3,0
2325,93.0,4,4,0
2350,94.0,4,4,0
2375,95.0,4,3,1
2400,96.0,4,2,2
2425,97.0,7,4,3
2450,98.0,7,3,4
2475,99.0,6,3,3
2500,100.0,5,3,2
2525,101.0,6,4,2
2550,102.0,5,3,2
2575,103.0,8,4,4
2600,104.0,10,5,5
2625,105.0,3,1,2
2650,106.0,3,1,2
2675,107.0,2,0,2
2700,108.0,3,1,2
2725,109.0,3,2,1
2750,110.0,3,1,2
2775,111.0,8,5,3
2800,112.0,7,4,3
2825,113.0,9,5,4
2850,114.0,8,6,2
2875,115.0,8,6,2
2900,116.0,10,7,3
2925,117.0,8,5,3
2950,118.0,8,5,3
2975,119.0,10,8,2
3000,120.0,6,6,0
3025,121.0,9,9,0
3050,122.0,6,6,0
3075,123.0,7,7,0
3100,124.0,6,6,0
3125,125.0,7,7,0
3150,126.0,8,8,0
3175,127.0,5,4,1
3200,128.0,3,3,0
3225,129.0,1,1,0
3250,130.0,3,3,0
3275,131.0,4,2,2
3300,132.0,3,3,0
3325,133.0,3,3,0
3350,134.0,3,3,0
3375,135.0,3,3,0
3400,136.0,4,4,0
3425,137.0,4,2,2
3450,138.0,5,4,1
3475,139.0,5,4,1
3500,140.0,5,4,1
3525,141.0,5,4,1
3550,142.0,7,4,3
3575,143.0,4,3,1
3600,144.0,6,4,2
3625,145.0,1,0,1
3650,146.0,6,3,3
3675,147.0,10,7,3
3700,148.0,8,4,4
3725,149.0,1,1,0
3750,150.0,3,3,0
3775,151.0,3,3,0
3800,152.0,2,2,0
3825,153.0,3,3,0
3850,154.0,3,3,0
3875,155.0,3,3,0
3900,156.0,2,1,1
3925,157.0,3,3,0
3950,158.0,7,5,2
3975,159.0,7,5,2
4000,160.0,8,5,3
4025,161.0,9,6,3
4050,162.0,14,9,5
4075,163.0,11,7,4
4100,164.0,14,10,4
4125,165.0,13,9,4
4150,166.0,13,9,4
4175,167.0,13,8,5
4200,168.0,10,8,2
4225,169.0,8,4,4
4250,170.0,9,7,2
4275,171.0,8,7,1
4300,172.0,7,6,1
4325,173.0,7,7,0
4350,174.0,9,9,0
4375,175.0,10,10,0
4400,176.0,13,13,0
4425,177.0,11,11,0
4450,178.0,8,8,0
4475,179.0,8,7,1
4500,180.0,7,7,0
4525,181.0,5,5,0
4550,182.0,5,5,0
4575,183.0,3,3,0
4600,184.0,7,7,0
4625,185.0,9,9,0
4650,186.0,13,13,0
4675,187.0,14,14,0
4700,188.0,10,10,0
4725,189.0,11,11,0
4750,190.0,8,8,0
4775,191.0,10,9,1
4800,192.0,11,9,2
4825,193.0,12,10,2
4850,194.0,11,7,4
4875,195.0,11,9,2
4900,196.0,7,5,2
4925,197.0,9,7,2
4950,198.0,8,5,3
4975,199.0,8,5,3
5000,200.0,7,5,2
5025,201.0,5,3,2
5050,202.0,8,5,3
5075,203.0,5,4,1
5100,204.0,9,7,2
5125,205.0,7,7,0
5150,206.0,7,6,1
5175,207.0,6,6,0
5200,208.0,7,7,0
5225,209.0,7,7,0
5250,210.0,9,9,0
5275,211.0,5,5,0
5300,212.0,5,5,0
5325,213.0,3,3,0
5350,214.0,4,4,0
5375,215.0,5,4,1
5400,216.0,3,3,0
5425,217.0,1,1,0
5450,218.0,2,2,0
5475,219.0,2,2,0
5500,220.0,2,2,0
5525,221.0,1,1,0
5550,222.0,2,2,0
5575,223.0,3,3,0
5600,224.0,1,1,0
5625,225.0,1,1,0
5650,226.0,0,0,0
5675,227.0,0,0,0
5700,228.0,0,0,0
5725,229.0,0,0,0
5750,230.0,0,0,0
5775,231.0,2,2,0
5800,232.0,3,3,0
5825,233.0,2,2,0
5850,234.0,5,5,0
5875,235.0,6,6,0
5900,236.0,4,4,0
5925,237.0,6,5,1
5950,238.0,7,6,1
5975,239.0,7,6,1
6000,240.0,4,3,1
6025,241.0,4,3,1
6050,242.0,3,3,0
6075,243.0,1,1,0
6100,244.0,3,3,0
6125,245.0,3,3,0
6150,246.0,4,4,0
6175,247.0,1,1,0
6200,248.0,2,2,0
6225,249.0,1,1,0
6250,250.0,0,0,0
6275,251.0,0,0,0
6300,252.0,0,0,0
6325,253.0,1,1,0
6350,254.0,2,2,0
6375,255.0,3,3,0
6400,256.0,2,2,0
6425,257.0,2,2,0
6450,258.0,2,2,0
6475,259.0,2,1,1
6500,260.0,1,0,1
6525,261.0,3,2,1
6550,262.0,6,4,2
6575,263.0,8,6,2
6600,264.0,7,5,2
6625,265.0,4,2,2
6650,266.0,3,2,1
6675,267.0,1,1,0
6700,268.0,1,1,0
6725,269.0,2,2,0
6750,270.0,1,1,0
6775,271.0,3,3,0
6800,272.0,2,2,0
6825,273.0,4,3,1
6850,274.0,3,2,1
6875,275.0,4,3,1
6900,276.0,3,3,0
6925,277.0,3,3,0
6950,278.0,2,2,0
6975,279.0,0,0,0
7000,280.0,0,0,0
7025,281.0,0,0,0
7050,282.0,0,0,0
7075,283.0,3,1,2
7100,284.0,3,1,2
7125,285.0,1,1,0
7150,286.0,3,2,1
7175,287.0,2,2,0
7200,288.0,2,0,2
7225,289.0,2,1,1
7250,290.0,1,0,1
7275,291.0,2,2,0
7300,292.0,2,1,1
7325,293.0,1,1,0
7350,294.0,2,2,0
7375,295.0,5,5,0
7400,296.0,7,5,2
7425,297.0,8,7,1
7450,298.0,7,6,1
7475,299.0,6,5,1
7500,300.0,5,5,0
7525,301.0,4,4,0
7550,302.0,5,5,0
7575,303.0,5,4,1
7600,304.0,3,3,0
7625,305.0,3,3,0
7650,306.0,2,2,0
7675,307.0,3,2,1
7700,308.0,2,1,1
7725,309.0,1,1,0
7750,310.0,1,1,0
7775,311.0,2,1,1
7800,312.0,1,1,0
7825,313.0,1,1,0
7850,314.0,1,1,0
7875,315.0,3,3,0
7900,316.0,4,4,0
7925,317.0,5,5,0
7950,318.0,4,4,0
7975,319.0,5,4,1
8000,320.0,3,3,0
8025,321.0,3,3,0
8050,322.0,4,3,1
8075,323.0,4,3,1
8100,324.0,7,5,2
8125,325.0,3,3,0
8150,326.0,2,2,0
8175,327.0,3,2,1
8200,328.0,1,0,1
8225,329.0,1,0,1
8250,330.0,0,0,0
8275,331.0,2,2,0
8300,332.0,2,2,0
8325,333.0,2,2,0
8350,334.0,4,4,0
8375,335.0,6,6,0
8400,336.0,7,6,1
8425,337.0,9,9,0
8450,338.0,8,7,1
8475,339.0,6,6,0
8500,340.0,9,8,1
8525,341.0,11,10,1
8550,342.0,9,7,2
8575,343.0,10,8,2
8600,344.0,12,9,3
8625,345.0,9,9,0
8650,346.0,7,7,0
8675,347.0,7,7,0
8700,348.0,6,6,0
8725,349.0,5,5,0
8750,350.0,5,5,0
8775,351.0,5,5,0
8800,352.0,4,4,0
8825,353.0,5,5,0
8850,354.0,7,6,1
8875,355.0,9,8,1
8900,356.0,5,4,1
8925,357.0,6,4,2
8950,358.0,8,6,2
8975,359.0,8,8,0
9000,360.0,5,5,0
9025,361.0,4,4,0
9050,362.0,5,5,0
9075,363.0,3,3,0
9100,364.0,2,2,0
9125,365.0,2,1,1
9150,366.0,2,1,1
9175,367.0,1,1,0
9200,368.0,1,0,1
9225,369.0,1,1,0
9250,370.0,3,3,0
9275,371.0,5,4,1
9300,372.0,4,3,1
9325,373.0,4,2,2
9350,374.0,11,6,5
9375,375.0,6,2,4
9400,376.0,11,6,5
9425,377.0,9,4,5
9450,378.0,6,2,4
9475,379.0,6,5,1
9500,380.0,3,2,1
9525,381.0,3,3,0
9550,382.0,3,3,0
9575,383.0,3,3,0
9600,384.0,2,2,0
9625,385.0,2,2,0
9650,386.0,1,1,0
9675,387.0,1,1,0
9700,388.0,3,3,0
9725,389.0,3,3,0
9750,390.0,2,2,0
9775,391.0,2,2,0
9800,392.0,2,2,0
9825,393.0,1,1,0
9850,394.0,1,1,0
9875,395.0,3,2,1
9900,396.0,1,1,0
9925,397.0,0,0,0
9950,398.0,2,2,0
9975,399.0,5,4,1
10000,400.0,5,5,0
10025,401.0,4,4,0
10050,402.0,4,4,0
10075,403.0,4,4,0
10100,404.0,4,4,0
10125,405.0,4,4,0
10150,406.0,4,3,1
10175,407.0,3,3,0
10200,408.0,3,3,0
10225,409.0,2,1,1
10250,410.0,2,2,0
10275,411.0,2,2,0
10300,412.0,2,2,0
10325,413.0,0,0,0
10350,414.0,2,2,0
10375,415.0,3,2,1
10400,416.0,9,8,1
10425,417.0,9,7,2
10450,418.0,7,7,0
10475,419.0,5,5,0
10500,420.0,4,4,0
10525,421.0,5,5,0
10550,422.0,6,4,2
10575,423.0,5,4,1
10600,424.0,12,11,1
10625,425.0,7,6,1
10650,426.0,13,11,2
10675,427.0,12,11,1
10700,428.0,7,5,2
10725,429.0,10,8,2
10750,430.0,10,8,2
10775,431.0,15,12,3
10800,432.0,10,6,4
10825,433.0,8,5,3
10850,434.0,11,5,6
10875,435.0,4,2,2
10900,436.0,5,3,2
10925,437.0,2,2,0
10950,438.0,3,3,0
10975,439.0,8,7,1
11000,440.0,7,7,0
11025,441.0,10,9,1
11050,442.0,8,8,0
11075,443.0,8,7,1
11100,444.0,5,5,0
11125,445.0,4,4,0
11150,446.0,4,4,0
11175,447.0,4,3,1
11200,448.0,2,2,0
11225,449.0,4,4,0
11250,450.0,4,4,0
11275,451.0,6,6,0
11300,452.0,9,8,1
11325,453.0,7,7,0
11350,454.0,4,4,0
11375,455.0,6,5,1
11400,456.0,3,3,0
11425,457.0,1,1,0
11450,458.0,2,1,1
11475,459.0,1,1,0
11500,460.0,2,2,0
11525,461.0,2,2,0
11550,462.0,2,2,0
11575,463.0,3,3,0
11600,464.0,0,0,0
11625,465.0,0,0,0
11650,466.0,2,2,0
11675,467.0,5,4,1
11700,468.0,3,3,0
11725,469.0,3,2,1
11750,470.0,4,3,1
11775,471.0,4,2,2
11800,472.0,7,4,3
11825,473.0,6,2,4
11850,474.0,6,3,3
11875,475.0,4,2,2
11900,476.0,1,1,0
11925,477.0,2,2,0
11950,478.0,4,3,1
11975,479.0,3,2,1
12000,480.0,6,6,0
12025,481.0,7,7,0
12050,482.0,8,8,0
12075,483.0,11,10,1
12100,484.0,9,7,2
12125,485.0,10,6,4
12150,486.0,7,5,2
12175,487.0,8,6,2
12200,488.0,9,6,3
12225,489.0,8,5,3
12250,490.0,4,4,0
12275,491.0,3,3,0
12300,492.0,4,2,2
12325,493.0,7,4,3
12350,494.0,6,4,2
12375,495.0,8,6,2
12400,496.0,8,7,1
12425,497.0,4,4,0
12450,498.0,5,5,0
12475,499.0,6,5,1
12500,500.0,3,3,0
12525,501.0,2,2,0
12550,502.0,2,2,0
12575,503.0,6,4,2
12600,504.0,9,8,1
12625,505.0,6,5,1
12650,506.0,4,4,0
12675,507.0,1,1,0
12700,508.0,2,2,0
12725,509.0,1,1,0
12750,510.0,2,2,0
12775,511.0,0,0,0
12800,512.0,1,1,0
12825,513.0,0,0,0
12850,514.0,0,0,0
12875,515.0,4,3,1
12900,516.0,4,4,0
12925,517.0,3,3,0
12950,518.0,5,4,1
12975,519.0,6,6,0
13000,520.0,6,6,0
13025,521.0,5,4,1
13050,522.0,7,6,1
13075,523.0,7,6,1
13100,524.0,3,3,0
13125,525.0,3,2,1
13150,526.0,2,1,1
13175,527.0,5,4,1
13200,528.0,8,7,1
13225,529.0,8,8,0
13250,530.0,5,5,0
13275,531.0,4,4,0
13300,532.0,8,8,0
13325,533.0,6,5,1
13350,534.0,6,5,1
13375,535.0,5,5,0
13400,536.0,2,2,0
13425,537.0,1,1,0
13450,538.0,0,0,0
13475,539.0,2,2,0
13500,540.0,1,1,0
13525,541.0,2,2,0
13550,542.0,2,2,0
13575,543.0,4,3,1
13600,544.0,4,3,1
13625,545.0,4,4,0
13650,546.0,6,6,0
13675,547.0,5,5,0
13700,548.0,4,4,0
13725,549.0,5,5,0
13750,550.0,3,3,0
13775,551.0,3,3,0
13800,552.0,2,2,0
13825,553.0,3,3,0
13850,554.0,3,3,0
13875,555.0,1,1,0
13900,556.0,0,0,0
13925,557.0,2,2,0
13950,558.0,2,2,0
13975,559.0,3,1,2
14000,560.0,4,4,0
14025,561.0,4,3,1
14050,562.0,8,7,1
14075,563.0,7,6,1
14100,564.0,6,5,1
14125,565.0,9,9,0
14150,566.0,13,13,0
14175,567.0,8,8,0
14200,568.0,8,8,0
14225,569.0,8,8,0
14250,570.0,6,6,0
14275,571.0,10,10,0
14300,572.0,13,13,0
14325,573.0,10,10,0
14350,574.0,12,12,0
14375,575.0,7,7,0
14400,576.0,10,10,0
14425,577.0,5,5,0
14450,578.0,9,8,1
14475,579.0,9,9,0
14500,580.0,12,10,2
14525,581.0,14,13,1
14550,582.0,12,11,1
14575,583.0,15,14,1
14600,584.0,10,10,0
14625,585.0,6,6,0
14650,586.0,7,7,0
14675,587.0,3,3,0
14700,588.0,7,6,1
14725,589.0,3,3,0
14750,590.0,5,4,1
14775,591.0,2,2,0
14800,592.0,2,2,0
14825,593.0,6,6,0
14850,594.0,6,5,1
14875,595.0,9,7,2
14900,596.0,8,6,2
14925,597.0,9,6,3
14950,598.0,12,8,4
14975,599.0,13,9,4
15000,600.0,9,5,4
15025,601.0,9,6,3
15050,602.0,10,9,1
15075,603.0,12,10,2
15100,604.0,9,8,1
15125,605.0,8,7,1
15150,606.0,6,5,1
15175,607.0,5,3,2
15200,608.0,5,5,0
15225,609.0,6,6,0
15250,610.0,6,5,1
15275,611.0,6,5,1
15300,612.0,7,5,2
15325,613.0,7,5,2
15350,614.0,8,5,3
15375,615.0,8,3,5
15400,616.0,5,3,2
15425,617.0,5,3,2
15450,618.0,1,1,0
15475,619.0,2,2,0
15500,620.0,1,0,1
15525,621.0,4,3,1
15550,622.0,3,2,1
15575,623.0,7,5,2
15600,624.0,9,6,3
15625,625.0,7,6,1
15650,626.0,5,5,0
15675,627.0,4,3,1
15700,628.0,5,5,0
15725,629.0,10,9,1
15750,630.0,14,12,2
15775,631.0,9,7,2
15800,632.0,11,8,3
15825,633.0,9,6,3
15850,634.0,6,4,2
15875,635.0,6,4,2
15900,636.0,5,3,2
15925,637.0,7,6,1
15950,638.0,4,4,0
15975,639.0,6,6,0
16000,640.0,4,4,0
16025,641.0,6,4,2
16050,642.0,5,5,0
16075,643.0,4,4,0
16100,644.0,3,1,2
16125,645.0,0,0,0
16150,646.0,0,0,0
16175,647.0,1,1,0
16200,648.0,1,1,0
16225,649.0,3,2,1
16250,650.0,4,2,2
16275,651.0,6,5,1
16300,652.0,3,2,1
16325,653.0,3,2,1
16350,654.0,2,1,1
16375,655.0,0,0,0
16400,656.0,1,0,1
16425,657.0,2,2,0
16450,658.0,3,2,1
16475,659.0,1,0,1
16500,660.0,0,0,0
16525,661.0,1,1,0
16550,662.0,2,2,0
16575,663.0,5,3,2
16600,664.0,4,2,2
16625,665.0,3,0,3
16650,666.0,1,1,0
16675,667.0,2,2,0
16700,668.0,0,0,0
16725,669.0,2,2,0
16750,670.0,4,4,0
16775,671.0,0,0,0
16800,672.0,0,0,0
16825,673.0,2,2,0
16850,674.0,1,1,0
16875,675.0,2,2,0
16900,676.0,3,3,0
16925,677.0,5,4,1
16950,678.0,1,1,0
16975,679.0,2,2,0
17000,680.0,2,2,0
17025,681.0,1,0,1
17050,682.0,3,1,2
17075,683.0,1,1,0
17100,684.0,1,1,0
17125,685.0,0,0,0
17150,686.0,1,1,0
17175,687.0,1,1,0
17200,688.0,1,1,0
17225,689.0,1,1,0
17250,690.0,1,1,0
17275,691.0,2,1,1
17300,692.0,4,2,2
17325,693.0,7,6,1
17350,694.0,10,9,1
17375,695.0,6,6,0
17400,696.0,7,7,0
17425,697.0,8,8,0
17450,698.0,3,3,0
17475,699.0,5,4,1
17500,700.0,5,4,1
17525,701.0,7,6,1
17550,702.0,7,7,0
17575,703.0,8,8,0
17600,704.0,8,6,2
17625,705.0,6,5,1
17650,706.0,6,5,1
17675,707.0,8,6,2
17700,708.0,7,5,2
17725,709.0,2,2,0
17750,710.0,2,2,0
17775,711.0,1,0,1
17800,712.0,4,3,1
17825,713.0,2,1,1
17850,714.0,4,3,1
17875,715.0,3,3,0
17900,716.0,2,2,0
17925,717.0,0,0,0
17950,718.0,2,2,0
17975,719.0,1,0,1
18000,720.0,4,3,1
18025,721.0,1,1,0
18050,722.0,2,2,0
18075,723.0,2,2,0
18100,724.0,2,2,0
18125,725.0,2,2,0
18150,726.0,2,1,1
18175,727.0,4,2,2
18200,728.0,2,1,1
18225,729.0,2,2,0
18250,730.0,2,1,1
18275,731.0,2,2,0
18300,732.0,1,1,0
18325,733.0,2,2,0
18350,734.0,2,1,1
18375,735.0,1,1,0
18400,736.0,4,2,2
18425,737.0,3,2,1
18450,738.0,5,4,1
18475,739.0,3,3,0
18500,740.0,3,3,0
18525,741.0,3,2,1
18550,742.0,4,4,0
18575,743.0,7,7,0
18600,744.0,8,8,0
18625,745.0,5,4,1
18650,746.0,7,6,1
18675,747.0,4,3,1
18700,748.0,5,3,2
18725,749.0,5,3,2
18750,750.0,5,3,2
18775,751.0,4,2,2
18800,752.0,2,2,0
18825,753.0,3,3,0
18850,754.0,3,3,0
18875,755.0,5,4,1
18900,756.0,2,2,0
18925,757.0,3,2,1
18950,758.0,5,5,0
18975,759.0,2,2,0
19000,760.0,5,5,0
19025,761.0,6,6,0
19050,762.0,7,7,0
19075,763.0,8,8,0
19100,764.0,13,12,1
19125,765.0,12,12,0
19150,766.0,12,12,0
19175,767.0,13,12,1
19200,768.0,10,9,1
19225,769.0,8,6,2
19250,770.0,5,4,1
19275,771.0,5,3,2
19300,772.0,4,4,0
19325,773.0,5,4,1
19350,774.0,6,4,2
19375,775.0,7,5,2
19400,776.0,13,11,2
19425,777.0,12,10,2
19450,778.0,14,12,2
19475,779.0,7,6,1
19500,780.0,8,8,0
19525,781.0,8,8,0
19550,782.0,12,12,0
19575,783.0,7,6,1
19600,784.0,5,4,1
19625,785.0,6,4,2
19650,786.0,13,11,2
19675,787.0,8,8,0
19700,788.0,16,15,1
19725,789.0,14,11,3
19750,790.0,10,6,4
19775,791.0,8,8,0
19800,792.0,10,9,1
19825,793.0,7,5,2
19850,794.0,11,9,2
19875,795.0,12,11,1
19900,796.0,12,11,1
19925,797.0,8,7,1
19950,798.0,8,6,2
19975,799.0,11,8,3
20000,800.0,9,7,2
20025,801.0,11,6,5
20050,802.0,9,6,3
20075,803.0,7,5,2
20100,804.0,8,5,3
20125,805.0,7,1,6
20150,806.0,6,2,4
20175,807.0,8,4,4
20200,808.0,9,5,4
20225,809.0,10,6,4
20250,810.0,10,5,5
20275,811.0,7,6,1
20300,812.0,4,2,2
20325,813.0,7,3,4
20350,814.0,0,0,0
20375,815.0,2,2,0
20400,816.0,1,0,1
20425,817.0,2,1,1
20450,818.0,2,1,1
20475,819.0,4,3,1
20500,820.0,6,4,2
20525,821.0,6,5,1
20550,822.0,9,7,2
20575,823.0,6,4,2
20600,824.0,9,6,3
20625,825.0,10,9,1
20650,826.0,10,9,1
20675,827.0,8,7,1
20700,828.0,11,10,1
20725,829.0,10,9,1
20750,830.0,9,8,1
20775,831.0,8,7,1
20800,832.0,8,8,0
20825,833.0,4,4,0
20850,834.0,3,3,0
20875,835.0,3,2,1
20900,836.0,1,1,0
20925,837.0,0,0,0
20950,838.0,2,2,0
20975,839.0,1,1,0
21000,840.0,1,1,0
21025,841.0,0,0,0
21050,842.0,2,2,0
21075,843.0,3,3,0
21100,844.0,5,5,0
21125,845.0,7,7,0
21150,846.0,7,7,0
21175,847.0,3,2,1
21200,848.0,5,4,1
21225,849.0,4,2,2
21250,850.0,1,1,0
21275,851.0,4,4,0
21300,852.0,2,2,0
21325,853.0,4,4,0
21350,854.0,5,5,0
21375,855.0,6,5,1
21400,856.0,6,5,1
21425,857.0,6,6,0
21450,858.0,5,5,0
21475,859.0,7,7,0
21500,860.0,4,3,1
21525,861.0,7,6,1
21550,862.0,8,6,2
21575,863.0,10,7,3
21600,864.0,4,3,1
21625,865.0,3,3,0
21650,866.0,8,6,2
21675,867.0,4,3,1
21700,868.0,2,2,0
21725,869.0,1,1,0
21750,870.0,0,0,0
21775,871.0,0,0,0
21800,872.0,1,1,0
21825,873.0,2,2,0
21850,874.0,3,3,0
21875,875.0,3,3,0
21900,876.0,1,1,0
21925,877.0,1,1,0
21950,878.0,1,1,0
21975,879.0,1,1,0
22000,880.0,0,0,0
22025,881.0,1,1,0
22050,882.0,1,0,1
22075,883.0,2,1,1
22100,884.0,1,1,0
22125,885.0,2,2,0
22150,886.0,1,0,1
22175,887.0,1,1,0
22200,888.0,1,1,0
22225,889.0,1,1,0
22250,890.0,3,3,0
22275,891.0,0,0,0
22300,892.0,1,1,0
22325,893.0,1,1,0
22350,894.0,1,1,0
22375,895.0,1,1,0
22400,896.0,1,1,0
22425,897.0,1,1,0
22450,898.0,3,2,1
22475,899.0,4,4,0
22500,900.0,6,5,1
22525,901.0,9,7,2
22550,902.0,12,8,4
22575,903.0,15,12,3
22600,904.0,14,11,3
22625,905.0,12,10,2
22650,906.0,14,12,2
22675,907.0,9,7,2
22700,908.0,9,6,3
22725,909.0,11,8,3
22750,910.0,11,8,3
22775,911.0,6,5,1
22800,912.0,5,2,3
22825,913.0,2,2,0
22850,914.0,5,4,1
22875,915.0,3,2,1
22900,916.0,1,1,0
22925,917.0,2,2,0
22950,918.0,5,5,0
22975,919.0,3,2,1
23000,920.0,11,10,1
23025,921.0,9,8,1
23050,922.0,7,6,1
23075,923.0,5,5,0
23100,924.0,2,2,0
23125,925.0,2,2,0
23150,926.0,2,1,1
23175,927.0,1,0,1
23200,928.0,1,1,0
23225,929.0,0,0,0
23250,930.0,1,0,1
23275,931.0,3,2,1
23300,932.0,4,4,0
23325,933.0,1,1,0
23350,934.0,2,2,0
23375,935.0,4,4,0
23400,936.0,7,7,0
23425,937.0,7,7,0
23450,938.0,5,5,0
23475,939.0,8,8,0
23500,940.0,6,6,0
23525,941.0,9,8,1
23550,942.0,11,11,0
23575,943.0,11,10,1
23600,944.0,9,8,1
23625,945.0,11,10,1
23650,946.0,9,8,1
23675,947.0,6,6,0
23700,948.0,3,3,0
23725,949.0,2,0,2
23750,950.0,6,4,2
23775,951.0,10,8,2
23800,952.0,11,8,3
23825,953.0,7,6,1
23850,954.0,11,11,0
23875,955.0,10,7,3
23900,956.0,8,6,2
23925,957.0,7,5,2
23950,958.0,8,6,2
23975,959.0,10,9,1
24000,960.0,11,7,4
24025,961.0,12,8,4
24050,962.0,12,7,5
24075,963.0,11,7,4
24100,964.0,12,7,5
24125,965.0,5,4,1
24150,966.0,7,5,2
24175,967.0,6,4,2
24200,968.0,12,11,1
24225,969.0,8,7,1
24250,970.0,9,7,2
24275,971.0,11,11,0
24300,972.0,10,9,1
24325,973.0,7,6,1
24350,974.0,8,8,0
24375,975.0,8,8,0
24400,976.0,10,10,0
24425,977.0,10,10,0
24450,978.0,9,8,1
24475,979.0,11,10,1
24500,980.0,8,7,1
24525,981.0,4,3,1
24550,982.0,5,4,1
24575,983.0,10,7,3
24600,984.0,13,10,3
24625,985.0,10,9,1
24650,986.0,9,8,1
24675,987.0,8,7,1
24700,988.0,12,10,2
24725,989.0,8,6,2
24750,990.0,8,5,3
24775,991.0,6,4,2
24800,992.0,7,5,2
24825,993.0,12,7,5
24850,994.0,17,11,6
24875,995.0,15,10,5
24900,996.0,20,13,7
24925,997.0,9,7,2
24950,998.0,17,13,4
24975,999.0,11,10,1
25000,1000.0,12,9,3
25025,1001.0,13,9,4
25050,1002.0,13,8,5
25075,1003.0,13,10,3
25100,1004.0,8,6,2
25125,1005.0,10,10,0
25150,1006.0,10,10,0
25175,1007.0,4,4,0
25200,1008.0,4,4,0
25225,1009.0,4,3,1
25250,1010.0,7,6,1
25275,1011.0,9,7,2
25300,1012.0,7,5,2
25325,1013.0,6,5,1
25350,1014.0,9,6,3
25375,1015.0,7,6,1
25400,1016.0,6,5,1
25425,1017.0,6,4,2
25450,1018.0,1,1,0
25475,1019.0,2,2,0
25500,1020.0,0,0,0
25525,1021.0,1,1,0
25550,1022.0,2,2,0
25575,1023.0,2,1,1
25600,1024.0,2,2,0
25625,1025.0,2,2,0
25650,1026.0,3,3,0
25675,1027.0,6,4,2
25700,1028.0,4,2,2
25725,1029.0,6,3,3
25750,1030.0,7,5,2
25775,1031.0,7,5,2
25800,1032.0,8,7,1
25825,1033.0,7,7,0
25850,1034.0,6,6,0
25875,1035.0,4,4,0
25900,1036.0,2,2,0
25925,1037.0,2,2,0
25950,1038.0,1,1,0
25975,1039.0,1,1,0
26000,1040.0,2,1,1
26025,1041.0,3,2,1
26050,1042.0,8,8,0
26075,1043.0,9,9,0
26100,1044.0,8,8,0
26125,1045.0,8,8,0
26150,1046.0,5,5,0
26175,1047.0,6,5,1
26200,1048.0,3,3,0
26225,1049.0,5,5,0
26250,1050.0,6,6,0
26275,1051.0,3,3,0
26300,1052.0,2,2,0
26325,1053.0,3,3,0
26350,1054.0,1,1,0
26375,1055.0,1,1,0
26400,1056.0,0,0,0
26425,1057.0,2,2,0
26450,1058.0,4,4,0
26475,1059.0,2,2,0
26500,1060.0,3,3,0
26525,1061.0,3,3,0
26550,1062.0,4,3,1
26575,1063.0,3,2,1
26600,1064.0,1,1,0
26625,1065.0,4,3,1
26650,1066.0,4,4,0
26675,1067.0,2,2,0
26700,1068.0,4,3,1
26725,1069.0,3,3,0
26750,1070.0,6,5,1
26775,1071.0,7,6,1
26800,1072.0,6,5,1
26825,1073.0,2,2,0
26850,1074.0,1,1,0
26875,1075.0,4,4,0
26900,1076.0,1,1,0
26925,1077.0,1,1,0
26950,1078.0,1,1,0
26975,1079.0,1,1,0
27000,1080.0,2,2,0
27025,1081.0,1,1,0
27050,1082.0,1,1,0
27075,1083.0,4,3,1
27100,1084.0,4,2,2
27125,1085.0,5,4,1
27150,1086.0,8,8,0
27175,1087.0,5,5,0
27200,1088.0,2,1,1
27225,1089.0,7,5,2
27250,1090.0,5,3,2
27275,1091.0,5,3,2
27300,1092.0,4,4,0
27325,1093.0,4,2,2
27350,1094.0,3,2,1
27375,1095.0,7,7,0
27400,1096.0,7,7,0
27425,1097.0,5,5,0
27450,1098.0,7,7,0
27475,1099.0,7,7,0
27500,1100.0,4,3,1
27525,1101.0,1,1,0
27550,1102.0,1,1,0
27575,1103.0,2,2,0
27600,1104.0,2,1,1
27625,1105.0,5,3,2
27650,1106.0,5,2,3
27675,1107.0,4,1,3
27700,1108.0,6,3,3
27725,1109.0,9,7,2
27750,1110.0,6,6,0
27775,1111.0,6,6,0
27800,1112.0,6,6,0
27825,1113.0,5,4,1
27850,1114.0,5,5,0
27875,1115.0,5,5,0
27900,1116.0,4,4,0
27925,1117.0,4,4,0
27950,1118.0,2,2,0
27975,1119.0,4,3,1
28000,1120.0,3,3,0
28025,1121.0,4,4,0
28050,1122.0,4,3,1
28075,1123.0,4,4,0
28100,1124.0,2,2,0
28125,1125.0,0,0,0
28150,1126.0,4,4,0
28175,1127.0,5,4,1
28200,1128.0,4,4,0
28225,1129.0,3,2,1
28250,1130.0,4,4,0
28275,1131.0,4,3,1
28300,1132.0,3,2,1
28325,1133.0,3,2,1
28350,1134.0,7,6,1
28375,1135.0,3,3,0
28400,1136.0,5,5,0
28425,1137.0,3,2,1
28450,1138.0,5,4,1
28475,1139.0,4,3,1
28500,1140.0,8,7,1
28525,1141.0,9,8,1
28550,1142.0,8,8,0
28575,1143.0,9,8,1
28600,1144.0,9,9,0
28625,1145.0,11,9,2
28650,1146.0,10,10,0
28675,1147.0,10,10,0
28700,1148.0,9,9,0
28725,1149.0,8,7,1
28750,1150.0,12,11,1
28775,1151.0,11,10,1
28800,1152.0,11,10,1
28825,1153.0,12,10,2
28850,1154.0,9,9,0
28875,1155.0,10,10,0
28900,1156.0,6,6,0
28925,1157.0,9,9,0
28950,1158.0,9,8,1
28975,1159.0,5,5,0
29000,1160.0,5,5,0
29025,1161.0,4,4,0
29050,1162.0,4,3,1
29075,1163.0,3,3,0
29100,1164.0,3,3,0
29125,1165.0,1,1,0
29150,1166.0,2,1,1
29175,1167.0,3,2,1
29200,1168.0,3,2,1
29225,1169.0,2,1,1
29250,1170.0,2,2,0
29275,1171.0,3,2,1
29300,1172.0,7,4,3
29325,1173.0,7,4,3
29350,1174.0,3,3,0
29375,1175.0,6,5,1
29400,1176.0,9,7,2
29425,1177.0,7,7,0
29450,1178.0,4,4,0
29475,1179.0,4,4,0
29500,1180.0,2,2,0
29525,1181.0,3,3,0
29550,1182.0,6,5,1
29575,1183.0,3,1,2
29600,1184.0,3,1,2
29625,1185.0,6,2,4
29650,1186.0,7,3,4
29675,1187.0,5,4,1
29700,1188.0,7,5,2
29725,1189.0,6,4,2
29750,1190.0,9,7,2
29775,1191.0,5,3,2
29800,1192.0,7,6,1
29825,1193.0,8,6,2
29850,1194.0,2,1,1
29875,1195.0,3,3,0
29900,1196.0,3,3,0
29925,1197.0,3,3,0
29950,1198.0,1,1,0
29975,1199.0,1,1,0
30000,1200.0,1,1,0
30025,1201.0,6,5,1
30050,1202.0,4,4,0
30075,1203.0,3,2,1
30100,1204.0,3,1,2
30125,1205.0,4,4,0
30150,1206.0,1,1,0
30175,1207.0,0,0,0
30200,1208.0,4,4,0
30225,1209.0,5,5,0
30250,1210.0,3,3,0
30275,1211.0,4,4,0
30300,1212.0,3,3,0
30325,1213.0,1,1,0
30350,1214.0,2,2,0
30375,1215.0,3,2,1
30400,1216.0,4,3,1
30425,1217.0,3,3,0
30450,1218.0,2,2,0
30475,1219.0,4,2,2
30500,1220.0,3,3,0
30525,1221.0,1,1,0
30550,1222.0,0,0,0
30575,1223.0,1,1,0
30600,1224.0,6,6,0
30625,1225.0,6,6,0
30650,1226.0,4,4,0
30675,1227.0,3,2,1
30700,1228.0,3,3,0
30725,1229.0,2,2,0
30750,1230.0,1,1,0
30775,1231.0,0,0,0
30800,1232.0,3,2,1
30825,1233.0,2,1,1
30850,1234.0,3,3,0
30875,1235.0,2,2,0
30900,1236.0,3,3,0
30925,1237.0,7,5,2
30950,1238.0,9,8,1
30975,1239.0,12,8,4
31000,1240.0,13,8,5
31025,1241.0,13,7,6
31050,1242.0,12,9,3
31075,1243.0,9,6,3
31100,1244.0,9,7,2
31125,1245.0,8,8,0
31150,1246.0,9,9,0
31175,1247.0,8,7,1
31200,1248.0,8,7,1
31225,1249.0,7,6,1
31250,1250.0,8,6,2
31275,1251.0,6,4,2
31300,1252.0,7,3,4
31325,1253.0,6,3,3
31350,1254.0,7,7,0
31375,1255.0,8,7,1
31400,1256.0,4,3,1
31425,1257.0,3,2,1
31450,1258.0,4,3,1
31475,1259.0,7,7,0
31500,1260.0,6,6,0
31525,1261.0,8,8,0
31550,1262.0,10,9,1
31575,1263.0,2,2,0
31600,1264.0,6,5,1
31625,1265.0,10,8,2
31650,1266.0,9,8,1
31675,1267.0,11,10,1
31700,1268.0,11,10,1
31725,1269.0,7,6,1
31750,1270.0,9,8,1
31775,1271.0,7,6,1
31800,1272.0,9,7,2
31825,1273.0,4,4,0
31850,1274.0,6,5,1
31875,1275.0,9,8,1
31900,1276.0,3,3,0
31925,1277.0,6,6,0
31950,1278.0,6,5,1
31975,1279.0,4,2,2
32000,1280.0,5,2,3
32025,1281.0,8,5,3
32050,1282.0,9,7,2
32075,1283.0,10,6,4
32100,1284.0,7,5,2
32125,1285.0,2,2,0
32150,1286.0,5,4,1
32175,1287.0,5,3,2
32200,1288.0,3,3,0
32225,1289.0,5,5,0
32250,1290.0,5,5,0
32275,1291.0,0,0,0
32300,1292.0,1,1,0
32325,1293.0,4,3,1
32350,1294.0,4,2,2
32375,1295.0,3,2,1
32400,1296.0,1,0,1
32425,1297.0,0,0,0
32450,1298.0,0,0,0
32475,1299.0,5,2,3
32500,1300.0,5,3,2
32525,1301.0,5,3,2
32550,1302.0,6,4,2
32575,1303.0,9,5,4
32600,1304.0,7,4,3
32625,1305.0,8,5,3
32650,1306.0,10,7,3
32675,1307.0,11,9,2
32700,1308.0,10,4,6
32725,1309.0,6,4,2
32750,1310.0,5,5,0
32775,1311.0,7,4,3
32800,1312.0,9,4,5
32825,1313.0,6,4,2
32850,1314.0,12,7,5
32875,1315.0,6,6,0
32900,1316.0,9,8,1
32925,1317.0,9,7,2
32950,1318.0,9,7,2
32975,1319.0,8,6,2
33000,1320.0,9,7,2
33025,1321.0,8,7,1
33050,1322.0,10,7,3
33075,1323.0,11,10,1
33100,1324.0,10,8,2
33125,1325.0,7,6,1
33150,1326.0,13,10,3
33175,1327.0,10,9,1
33200,1328.0,10,8,2
33225,1329.0,8,7,1
33250,1330.0,11,7,4
33275,1331.0,13,9,4
33300,1332.0,11,7,4
33325,1333.0,10,8,2
33350,1334.0,8,7,1
33375,1335.0,7,5,2
33400,1336.0,6,5,1
33425,1337.0,8,6,2
33450,1338.0,8,6,2
33475,1339.0,7,6,1
33500,1340.0,3,2,1
33525,1341.0,5,4,1
33550,1342.0,3,2,1
33575,1343.0,5,4,1
33600,1344.0,8,6,2
33625,1345.0,9,7,2
33650,1346.0,12,6,6
33675,1347.0,5,3,2
33700,1348.0,5,4,1
33725,1349.0,6,5,1
33750,1350.0,5,5,0
33775,1351.0,4,3,1
33800,1352.0,6,5,1
33825,1353.0,6,5,1
33850,1354.0,11,7,4
33875,1355.0,8,5,3
33900,1356.0,12,10,2
33925,1357.0,8,4,4
33950,1358.0,6,6,0
33975,1359.0,5,4,1
34000,1360.0,5,4,1
34025,1361.0,4,3,1
34050,1362.0,4,4,0
34075,1363.0,3,3,0
34100,1364.0,4,4,0
34125,1365.0,3,3,0
34150,1366.0,1,1,0
34175,1367.0,2,0,2
34200,1368.0,1,0,1
34225,1369.0,3,2,1
34250,1370.0,6,4,2
34275,1371.0,9,5,4
34300,1372.0,8,5,3
34325,1373.0,6,5,1
34350,1374.0,3,3,0
34375,1375.0,2,2,0
34400,1376.0,1,1,0
34425,1377.0,1,1,0
34450,1378.0,0,0,0
34475,1379.0,2,2,0
34500,1380.0,4,3,1
34525,1381.0,6,5,1
34550,1382.0,7,6,1
34575,1383.0,4,4,0
34600,1384.0,3,3,0
34625,1385.0,1,1,0
34650,1386.0,2,1,1
34675,1387.0,3,1,2
34700,1388.0,2,0,2
34725,1389.0,2,0,2
34750,1390.0,3,3,0
34775,1391.0,2,2,0
34800,1392.0,6,6,0
34825,1393.0,3,3,0
34850,1394.0,2,2,0
34875,1395.0,2,2,0
34900,1396.0,3,3,0
34925,1397.0,2,2,0
34950,1398.0,4,4,0
34975,1399.0,4,4,0
35000,1400.0,4,4,0
35025,1401.0,4,3,1
35050,1402.0,2,2,0
35075,1403.0,5,5,0
35100,1404.0,5,5,0
35125,1405.0,6,6,0
35150,1406.0,9,9,0
35175,1407.0,9,9,0
35200,1408.0,8,8,0
35225,1409.0,5,5,0
35250,1410.0,7,7,0
35275,1411.0,5,5,0
35300,1412.0,3,2,1
35325,1413.0,4,4,0
35350,1414.0,3,1,2
35375,1415.0,4,3,1
35400,1416.0,5,4,1
35425,1417.0,1,1,0
35450,1418.0,4,1,3
35475,1419.0,3,1,2
35500,1420.0,1,0,1
35525,1421.0,3,2,1
35550,1422.0,3,2,1
35575,1423.0,2,2,0
35600,1424.0,2,0,2
35625,1425.0,2,1,1
35650,1426.0,4,1,3
35675,1427.0,4,1,3
35700,1428.0,2,1,1
35725,1429.0,4,3,1
35750,1430.0,1,1,0
35775,1431.0,2,2,0
35800,1432.0,3,2,1
35825,1433.0,3,2,1
35850,1434.0,3,3,0
35875,1435.0,2,2,0
35900,1436.0,0,0,0
35925,1437.0,1,0,1
35950,1438.0,7,5,2
35975,1439.0,4,3,1
36000,1440.0,5,4,1
36025,1441.0,4,4,0
36050,1442.0,6,5,1
36075,1443.0,4,4,0
36100,1444.0,3,3,0
36125,1445.0,5,3,2
36150,1446.0,7,5,2
36175,1447.0,4,4,0
36200,1448.0,5,5,0
36225,1449.0,4,4,0
36250,1450.0,4,3,1
36275,1451.0,4,3,1
36300,1452.0,1,1,0
36325,1453.0,3,3,0
36350,1454.0,2,2,0
36375,1455.0,3,2,1
36400,1456.0,2,1,1
36425,1457.0,6,4,2
36450,1458.0,5,3,2
36475,1459.0,4,2,2
36500,1460.0,4,1,3
36525,1461.0,1,1,0
36550,1462.0,3,2,1
36575,1463.0,0,0,0
36600,1464.0,2,2,0
36625,1465.0,3,3,0
36650,1466.0,4,3,1
36675,1467.0,6,4,2
36700,1468.0,6,4,2
36725,1469.0,8,7,1
36750,1470.0,12,10,2
36775,1471.0,10,8,2
36800,1472.0,7,4,3
36825,1473.0,6,6,0
36850,1474.0,5,5,0
36875,1475.0,7,7,0
36900,1476.0,7,7,0
36925,1477.0,5,5,0
36950,1478.0,6,6,0
36975,1479.0,2,2,0
37000,1480.0,4,3,1
37025,1481.0,2,1,1
37050,1482.0,8,5,3
37075,1483.0,6,5,1
37100,1484.0,10,7,3
37125,1485.0,7,6,1
37150,1486.0,6,5,1
37175,1487.0,8,8,0
37200,1488.0,7,7,0
37225,1489.0,8,6,2
37250,1490.0,4,4,0
37275,1491.0,3,3,0
37300,1492.0,6,5,1
37325,1493.0,9,8,1
37350,1494.0,9,8,1
37375,1495.0,4,4,0
37400,1496.0,9,8,1
37425,1497.0,8,7,1
37450,1498.0,5,4,1
37475,1499.0,7,6,1
37500,1500.0,6,5,1
37525,1501.0,5,5,0
37550,1502.0,3,3,0
37575,1503.0,2,2,0
37600,1504.0,2,2,0
37625,1505.0,0,0,0
37650,1506.0,1,1,0
37675,1507.0,2,2,0
37700,1508.0,5,5,0
37725,1509.0,5,4,1
37750,1510.0,6,5,1
37775,1511.0,6,6,0
37800,1512.0,6,6,0
37825,1513.0,5,5,0
37850,1514.0,7,6,1
37875,1515.0,9,8,1
37900,1516.0,12,10,2
37925,1517.0,12,10,2
37950,1518.0,6,5,1
37975,1519.0,5,3,2
38000,1520.0,5,3,2
38025,1521.0,4,3,1
38050,1522.0,8,4,4
38075,1523.0,4,3,1
38100,1524.0,2,1,1
38125,1525.0,4,2,2
38150,1526.0,5,4,1
38175,1527.0,6,4,2
38200,1528.0,7,4,3
38225,1529.0,4,3,1
38250,1530.0,3,3,0
38275,1531.0,2,2,0
38300,1532.0,6,6,0
38325,1533.0,4,4,0
38350,1534.0,3,3,0
38375,1535.0,2,2,0
38400,1536.0,1,1,0
38425,1537.0,1,1,0
38450,1538.0,1,1,0
38475,1539.0,2,2,0
38500,1540.0,3,3,0
38525,1541.0,4,4,0
38550,1542.0,6,4,2
38575,1543.0,6,5,1
38600,1544.0,6,5,1
38625,1545.0,7,5,2
38650,1546.0,4,3,1
38675,1547.0,1,0,1
38700,1548.0,2,1,1
38725,1549.0,1,0,1
38750,1550.0,2,1,1
38775,1551.0,1,0,1
38800,1552.0,0,0,0
38825,1553.0,0,0,0
38850,1554.0,1,1,0
38875,1555.0,0,0,0
38900,1556.0,3,3,0
38925,1557.0,3,3,0
38950,1558.0,8,8,0
38975,1559.0,6,6,0
39000,1560.0,3,3,0
39025,1561.0,2,2,0
39050,1562.0,0,0,0
39075,1563.0,2,2,0
39100,1564.0,4,3,1
39125,1565.0,2,1,1
39150,1566.0,3,1,2
39175,1567.0,4,2,2
39200,1568.0,4,1,3
39225,1569.0,2,0,2
39250,1570.0,1,0,1
39275,1571.0,8,4,4
39300,1572.0,2,2,0
39325,1573.0,3,3,0
39350,1574.0,1,1,0
39375,1575.0,5,4,1
39400,1576.0,9,8,1
39425,1577.0,6,6,0
39450,1578.0,9,9,0
39475,1579.0,6,6,0
39500,1580.0,3,3,0
39525,1581.0,4,4,0
39550,1582.0,3,3,0
39575,1583.0,2,2,0
39600,1584.0,4,3,1
39625,1585.0,9,8,1
39650,1586.0,6,5,1
39675,1587.0,5,5,0
39700,1588.0,5,5,0
39725,1589.0,3,3,0
39750,1590.0,5,5,0
39775,1591.0,5,4,1
39800,1592.0,6,5,1
39825,1593.0,5,3,2
39850,1594.0,3,2,1
39875,1595.0,4,3,1
39900,1596.0,2,2,0
39925,1597.0,2,2,0
39950,1598.0,2,2,0
39975,1599.0,5,4,1
40000,1600.0,3,2,1
40025,1601.0,3,2,1
40050,1602.0,3,2,1
40075,1603.0,4,4,0
40100,1604.0,5,5,0
40125,1605.0,7,7,0
40150,1606.0,7,7,0
40175,1607.0,7,7,0
40200,1608.0,3,3,0
40225,1609.0,4,4,0
40250,1610.0,4,3,1
40275,1611.0,4,3,1
40300,1612.0,5,4,1
40325,1613.0,4,4,0
40350,1614.0,5,3,2
40375,1615.0,3,3,0
40400,1616.0,1,1,0
40425,1617.0,1,1,0
40450,1618.0,1,1,0
40475,1619.0,1,1,0
40500,1620.0,0,0,0
40525,1621.0,2,2,0
40550,1622.0,1,1,0
40575,1623.0,2,2,0
40600,1624.0,3,2,1
40625,1625.0,6,5,1
40650,1626.0,4,3,1
40675,1627.0,5,5,0
40700,1628.0,8,7,1
40725,1629.0,4,4,0
40750,1630.0,8,6,2
40775,1631.0,8,5,3
40800,1632.0,9,6,3
40825,1633.0,11,9,2
40850,1634.0,9,6,3
40875,1635.0,11,8,3
40900,1636.0,10,8,2
40925,1637.0,8,7,1
40950,1638.0,6,3,3
40975,1639.0,7,6,1
41000,1640.0,6,5,1
41025,1641.0,3,3,0
41050,1642.0,2,2,0
41075,1643.0,2,2,0
41100,1644.0,1,1,0
41125,1645.0,1,1,0
41150,1646.0,6,6,0
41175,1647.0,4,4,0
41200,1648.0,5,4,1
41225,1649.0,3,3,0
41250,1650.0,4,4,0
41275,1651.0,4,4,0
41300,1652.0,5,5,0
41325,1653.0,8,8,0
41350,1654.0,11,9,2
41375,1655.0,13,11,2
41400,1656.0,10,8,2
41425,1657.0,9,8,1
41450,1658.0,5,4,1
41475,1659.0,6,5,1
41500,1660.0,7,5,2
41525,1661.0,6,4,2
41550,1662.0,7,5,2
41575,1663.0,8,6,2
41600,1664.0,6,5,1
41625,1665.0,6,5,1
41650,1666.0,6,4,2
41675,1667.0,6,4,2
41700,1668.0,4,4,0
41725,1669.0,3,3,0
41750,1670.0,5,5,0
41775,1671.0,4,3,1
41800,1672.0,2,2,0
41825,1673.0,4,2,2
41850,1674.0,2,2,0
41875,1675.0,2,2,0
41900,1676.0,3,3,0
41925,1677.0,1,1,0
41950,1678.0,4,3,1
41975,1679.0,3,3,0
42000,1680.0,2,1,1
42025,1681.0,2,1,1
42050,1682.0,0,0,0
42075,1683.0,0,0,0
42100,1684.0,1,1,0
42125,1685.0,1,0,1
42150,1686.0,2,1,1
42175,1687.0,0,0,0
42200,1688.0,2,2,0
42225,1689.0,4,3,1
42250,1690.0,10,9,1
42275,1691.0,11,10,1
42300,1692.0,11,10,1
42325,1693.0,12,8,4
42350,1694.0,10,7,3
42375,1695.0,11,7,4
42400,1696.0,8,6,2
42425,1697.0,8,4,4
42450,1698.0,8,4,4
42475,1699.0,5,3,2
42500,1700.0,8,5,3
42525,1701.0,4,4,0
42550,1702.0,7,5,2
42575,1703.0,11,9,2
42600,1704.0,12,10,2
42625,1705.0,8,8,0
42650,1706.0,11,11,0
42675,1707.0,6,6,0
42700,1708.0,3,3,0
42725,1709.0,5,4,1
42750,1710.0,4,3,1
42775,1711.0,7,6,1
42800,1712.0,11,9,2
42825,1713.0,6,4,2
42850,1714.0,2,2,0
42875,1715.0,3,3,0
42900,1716.0,2,2,0
42925,1717.0,3,3,0
42950,1718.0,4,3,1
42975,1719.0,5,4,1
43000,1720.0,1,1,0
43025,1721.0,1,1,0
43050,1722.0,1,1,0
43075,1723.0,2,1,1
43100,1724.0,3,2,1
43125,1725.0,4,3,1
43150,1726.0,5,4,1
43175,1727.0,11,9,2
43200,1728.0,12,11,1
43225,1729.0,18,16,2
43250,1730.0,13,10,3
43275,1731.0,13,8,5
43300,1732.0,14,8,6
43325,1733.0,17,14,3
43350,1734.0,18,13,5
43375,1735.0,12,9,3
43400,1736.0,9,9,0
43425,1737.0,9,7,2
43450,1738.0,11,9,2
43475,1739.0,14,14,0
43500,1740.0,14,12,2
43525,1741.0,11,9,2
43550,1742.0,12,12,0
43575,1743.0,14,13,1
43600,1744.0,15,14,1
43625,1745.0,17,16,1
43650,1746.0,13,12,1
43675,1747.0,10,8,2
43700,1748.0,12,10,2
43725,1749.0,11,10,1
43750,1750.0,9,8,1
43775,1751.0,9,8,1
43800,1752.0,11,11,0
43825,1753.0,7,6,1
43850,1754.0,7,6,1
43875,1755.0,6,6,0
43900,1756.0,5,5,0
43925,1757.0,3,3,0
43950,1758.0,1,1,0
43975,1759.0,3,3,0
44000,1760.0,3,3,0
44025,1761.0,2,2,0
44050,1762.0,2,2,0
44075,1763.0,6,6,0
44100,1764.0,11,10,1
44125,1765.0,11,9,2
44150,1766.0,16,11,5
44175,1767.0,18,13,5
44200,1768.0,14,10,4
44225,1769.0,14,9,5
44250,1770.0,14,7,7
44275,1771.0,12,7,5
44300,1772.0,10,5,5
44325,1773.0,5,5,0
44350,1774.0,1,1,0
44375,1775.0,5,4,1
44400,1776.0,5,4,1
44425,1777.0,3,2,1
44450,1778.0,3,2,1
44475,1779.0,1,1,0
44500,1780.0,1,1,0
44525,1781.0,2,2,0
44550,1782.0,2,1,1
44575,1783.0,5,5,0
44600,1784.0,9,8,1
44625,1785.0,11,10,1
44650,1786.0,14,13,1
44675,1787.0,16,15,1
44700,1788.0,13,11,2
44725,1789.0,14,13,1
44750,1790.0,13,12,1
44775,1791.0,11,11,0
44800,1792.0,9,9,0
44825,1793.0,13,12,1
44850,1794.0,14,13,1
44875,1795.0,10,9,1
44900,1796.0,12,11,1
44925,1797.0,9,6,3
44950,1798.0,7,5,2
44975,1799.0,8,8,0
45000,1800.0,5,5,0
45025,1801.0,6,6,0
45050,1802.0,4,4,0
45075,1803.0,2,2,0
45100,1804.0,3,3,0
45125,1805.0,1,1,0
45150,1806.0,4,4,0
45175,1807.0,4,4,0
45200,1808.0,2,2,0
45225,1809.0,4,4,0
45250,1810.0,6,6,0
45275,1811.0,7,6,1
45300,1812.0,9,8,1
45325,1813.0,10,10,0
45350,1814.0,9,7,2
45375,1815.0,10,10,0
45400,1816.0,9,9,0
45425,1817.0,9,9,0
45450,1818.0,7,7,0
45475,1819.0,4,4,0
45500,1820.0,9,9,0
45525,1821.0,7,7,0
45550,1822.0,6,6,0
45575,1823.0,6,6,0
45600,1824.0,7,7,0
45625,1825.0,7,7,0
45650,1826.0,3,3,0
45675,1827.0,5,5,0
45700,1828.0,4,2,2
45725,1829.0,3,3,0
45750,1830.0,5,5,0
45775,1831.0,9,8,1
45800,1832.0,9,7,2
45825,1833.0,9,6,3
45850,1834.0,12,7,5
45875,1835.0,7,6,1
45900,1836.0,7,7,0
45925,1837.0,8,8,0
45950,1838.0,10,10,0
45975,1839.0,12,11,1
46000,1840.0,8,8,0
46025,1841.0,6,6,0
46050,1842.0,9,7,2
46075,1843.0,12,10,2
46100,1844.0,10,8,2
46125,1845.0,15,11,4
46150,1846.0,17,12,5
46175,1847.0,16,12,4
46200,1848.0,12,10,2
46225,1849.0,13,10,3
46250,1850.0,11,9,2
46275,1851.0,10,7,3
46300,1852.0,6,6,0
46325,1853.0,4,3,1
46350,1854.0,3,3,0
46375,1855.0,1,1,0
46400,1856.0,3,2,1
46425,1857.0,9,4,5
46450,1858.0,9,4,5
46475,1859.0,8,4,4
46500,1860.0,12,5,7
46525,1861.0,11,4,7
46550,1862.0,11,4,7
46575,1863.0,5,4,1
46600,1864.0,8,6,2
46625,1865.0,6,4,2
46650,1866.0,5,3,2
46675,1867.0,6,5,1
46700,1868.0,7,6,1
46725,1869.0,5,4,1
46750,1870.0,6,5,1
46775,1871.0,3,2,1
46800,1872.0,9,8,1
46825,1873.0,12,10,2
46850,1874.0,8,6,2
46875,1875.0,7,6,1
46900,1876.0,4,4,0
46925,1877.0,3,3,0
46950,1878.0,5,4,1
46975,1879.0,5,4,1
47000,1880.0,7,6,1
47025,1881.0,6,3,3
47050,1882.0,3,2,1
47075,1883.0,3,3,0
47100,1884.0,4,3,1
47125,1885.0,6,4,2
47150,1886.0,9,5,4
47175,1887.0,6,3,3
47200,1888.0,5,2,3
47225,1889.0,4,3,1
47250,1890.0,3,2,1
47275,1891.0,5,3,2
47300,1892.0,4,2,2
47325,1893.0,1,1,0
47350,1894.0,6,3,3
47375,1895.0,6,4,2
47400,1896.0,5,4,1
47425,1897.0,4,4,0
47450,1898.0,6,5,1
47475,1899.0,5,4,1
47500,1900.0,4,3,1
47525,1901.0,4,3,1
47550,1902.0,4,2,2
47575,1903.0,3,2,1
47600,1904.0,7,2,5
47625,1905.0,7,5,2
47650,1906.0,3,2,1
47675,1907.0,5,3,2
47700,1908.0,4,4,0
47725,1909.0,4,4,0
47750,1910.0,4,4,0
47775,1911.0,2,2,0
47800,1912.0,3,3,0
47825,1913.0,5,5,0
47850,1914.0,4,3,1
47875,1915.0,9,7,2
47900,1916.0,10,8,2
47925,1917.0,11,7,4
47950,1918.0,11,7,4
47975,1919.0,11,8,3
48000,1920.0,7,6,1
48025,1921.0,8,7,1
48050,1922.0,5,4,1
48075,1923.0,8,6,2
48100,1924.0,11,10,1
48125,1925.0,5,5,0
48150,1926.0,3,3,0
48175,1927.0,4,4,0
48200,1928.0,3,3,0
48225,1929.0,6,6,0
48250,1930.0,5,5,0
48275,1931.0,6,5,1
48300,1932.0,4,3,1
48325,1933.0,6,4,2
48350,1934.0,4,3,1
48375,1935.0,4,3,1
48400,1936.0,2,0,2
48425,1937.0,0,0,0
48450,1938.0,3,2,1
48475,1939.0,3,1,2
48500,1940.0,4,2,2
48525,1941.0,5,3,2
48550,1942.0,8,5,3
48575,1943.0,8,5,3
48600,1944.0,10,8,2
48625,1945.0,9,7,2
48650,1946.0,10,8,2
48675,1947.0,11,9,2
48700,1948.0,11,8,3
48725,1949.0,10,6,4
48750,1950.0,5,2,3
48775,1951.0,1,1,0
48800,1952.0,3,3,0
48825,1953.0,2,2,0
48850,1954.0,2,2,0
48875,1955.0,4,4,0
48900,1956.0,5,5,0
48925,1957.0,5,5,0
48950,1958.0,12,11,1
48975,1959.0,12,11,1
49000,1960.0,11,9,2
49025,1961.0,13,11,2
49050,1962.0,15,12,3
49075,1963.0,13,9,4
49100,1964.0,13,10,3
49125,1965.0,16,12,4
49150,1966.0,17,11,6
49175,1967.0,18,12,6
49200,1968.0,17,11,6
49225,1969.0,14,10,4
49250,1970.0,13,10,3
49275,1971.0,16,12,4
49300,1972.0,10,9,1
49325,1973.0,9,7,2
49350,1974.0,4,4,0
49375,1975.0,6,3,3
49400,1976.0,7,5,2
49425,1977.0,7,6,1
49450,1978.0,6,5,1
49475,1979.0,3,3,0
49500,1980.0,5,3,2
49525,1981.0,3,2,1
49550,1982.0,4,3,1
49575,1983.0,6,5,1
49600,1984.0,4,3,1
49625,1985.0,5,3,2
49650,1986.0,4,2,2
49675,1987.0,4,4,0
49700,1988.0,8,6,2
49725,1989.0,7,7,0
49750,1990.0,6,6,0
49775,1991.0,8,8,0
49800,1992.0,9,9,0
49825,1993.0,9,9,0
49850,1994.0,11,10,1
49875,1995.0,5,5,0
49900,1996.0,7,7,0
49925,1997.0,4,4,0
49950,1998.0,3,3,0
49975,1999.0,6,5,1
50000,2000.0,5,4,1
50025,2001.0,6,4,2
50050,2002.0,6,4,2
50075,2003.0,6,5,1
50100,2004.0,7,5,2
50125,2005.0,9,7,2
50150,2006.0,11,8,3
50175,2007.0,8,6,2
50200,2008.0,9,6,3
50225,2009.0,5,3,2
50250,2010.0,6,4,2
50275,2011.0,9,9,0
50300,2012.0,4,3,1
50325,2013.0,6,5,1
50350,2014.0,8,7,1
50375,2015.0,8,7,1
50400,2016.0,13,12,1
50425,2017.0,10,9,1
50450,2018.0,7,7,0
50475,2019.0,14,13,1
50500,2020.0,10,9,1
50525,2021.0,14,12,2
50550,2022.0,16,14,2
50575,2023.0,13,12,1
50600,2024.0,9,8,1
50625,2025.0,10,9,1
50650,2026.0,10,8,2
50675,2027.0,8,7,1
50700,2028.0,7,6,1
50725,2029.0,10,9,1
50750,2030.0,5,5,0
50775,2031.0,4,4,0
50800,2032.0,6,5,1
50825,2033.0,11,9,2
50850,2034.0,12,9,3
50875,2035.0,13,10,3
50900,2036.0,11,8,3
50925,2037.0,15,11,4
50950,2038.0,14,11,3
50975,2039.0,11,7,4
51000,2040.0,7,6,1
51025,2041.0,9,6,3
51050,2042.0,5,3,2
51075,2043.0,4,3,1
51100,2044.0,7,5,2
51125,2045.0,4,3,1
51150,2046.0,5,3,2
51175,2047.0,6,5,1
51200,2048.0,5,3,2
51225,2049.0,5,3,2
51250,2050.0,4,2,2
51275,2051.0,6,5,1
51300,2052.0,9,5,4
51325,2053.0,9,7,2
51350,2054.0,5,4,1
51375,2055.0,6,5,1
51400,2056.0,5,4,1
51425,2057.0,4,3,1
51450,2058.0,3,2,1
51475,2059.0,3,2,1
51500,2060.0,3,2,1
51525,2061.0,6,3,3
51550,2062.0,6,3,3
51575,2063.0,6,4,2
51600,2064.0,8,5,3
51625,2065.0,4,2,2
51650,2066.0,9,7,2
51675,2067.0,5,4,1
51700,2068.0,4,3,1
51725,2069.0,3,2,1
51750,2070.0,4,3,1
51775,2071.0,1,1,0
51800,2072.0,6,6,0
51825,2073.0,7,6,1
51850,2074.0,6,5,1
51875,2075.0,4,1,3
51900,2076.0,2,1,1
51925,2077.0,5,3,2
51950,2078.0,2,1,1
51975,2079.0,10,7,3
52000,2080.0,17,10,7
52025,2081.0,14,10,4
52050,2082.0,11,9,2
52075,2083.0,11,9,2
52100,2084.0,9,9,0
52125,2085.0,10,10,0
52150,2086.0,12,12,0
52175,2087.0,10,9,1
52200,2088.0,11,9,2
52225,2089.0,9,8,1
52250,2090.0,8,7,1
52275,2091.0,9,9,0
52300,2092.0,6,6,0
52325,2093.0,3,3,0
52350,2094.0,5,5,0
52375,2095.0,2,2,0
52400,2096.0,5,5,0
52425,2097.0,7,7,0
52450,2098.0,7,6,1
52475,2099.0,4,4,0
52500,2100.0,7,7,0
52525,2101.0,9,9,0
52550,2102.0,11,10,1
52575,2103.0,10,9,1
52600,2104.0,12,11,1
52625,2105.0,9,8,1
52650,2106.0,8,7,1
52675,2107.0,5,3,2
52700,2108.0,3,2,1
52725,2109.0,4,3,1
52750,2110.0,4,3,1
52775,2111.0,9,8,1
52800,2112.0,10,9,1
52825,2113.0,12,9,3
52850,2114.0,7,5,2
52875,2115.0,7,4,3
52900,2116.0,11,9,2
52925,2117.0,6,6,0
52950,2118.0,8,8,0
52975,2119.0,10,10,0
53000,2120.0,9,8,1
53025,2121.0,5,5,0
53050,2122.0,4,4,0
53075,2123.0,8,8,0
53100,2124.0,10,8,2
53125,2125.0,8,7,1
53150,2126.0,5,4,1
53175,2127.0,4,3,1
53200,2128.0,3,2,1
53225,2129.0,4,3,1
53250,2130.0,2,1,1
53275,2131.0,5,4,1
53300,2132.0,5,5,0
53325,2133.0,14,13,1
53350,2134.0,14,13,1
53375,2135.0,12,10,2
53400,2136.0,10,10,0
53425,2137.0,12,12,0
53450,2138.0,11,11,0
53475,2139.0,5,5,0
53500,2140.0,6,6,0
53525,2141.0,9,9,0
53550,2142.0,8,8,0
53575,2143.0,7,7,0
53600,2144.0,11,11,0
53625,2145.0,7,7,0
53650,2146.0,13,12,1
53675,2147.0,13,12,1
53700,2148.0,10,9,1
53725,2149.0,10,10,0
53750,2150.0,9,9,0
53775,2151.0,9,8,1
53800,2152.0,8,8,0
53825,2153.0,8,8,0
53850,2154.0,8,8,0
53875,2155.0,11,8,3
53900,2156.0,7,7,0
53925,2157.0,7,6,1
53950,2158.0,10,9,1
53975,2159.0,9,8,1
54000,2160.0,11,11,0
54025,2161.0,10,9,1
54050,2162.0,10,9,1
54075,2163.0,11,9,2
54100,2164.0,10,8,2
54125,2165.0,9,5,4
54150,2166.0,7,4,3
54175,2167.0,8,4,4
54200,2168.0,9,5,4
54225,2169.0,10,6,4
54250,2170.0,8,5,3
54275,2171.0,11,7,4
54300,2172.0,11,8,3
54325,2173.0,9,7,2
54350,2174.0,5,4,1
54375,2175.0,7,5,2
54400,2176.0,11,9,2
54425,2177.0,9,7,2
54450,2178.0,7,5,2
54475,2179.0,5,4,1
54500,2180.0,8,6,2
54525,2181.0,8,6,2
54550,2182.0,2,2,0
54575,2183.0,5,3,2
54600,2184.0,6,4,2
54625,2185.0,9,7,2
54650,2186.0,8,6,2
54675,2187.0,7,4,3
54700,2188.0,6,5,1
54725,2189.0,6,4,2
54750,2190.0,8,6,2
54775,2191.0,4,3,1
54800,2192.0,6,5,1
54825,2193.0,7,5,2
54850,2194.0,9,6,3
54875,2195.0,8,5,3
54900,2196.0,5,3,2
54925,2197.0,6,2,4
54950,2198.0,6,3,3
54975,2199.0,9,3,6
55000,2200.0,4,2,2
55025,2201.0,8,5,3
55050,2202.0,8,4,4
55075,2203.0,12,8,4
55100,2204.0,13,9,4
55125,2205.0,5,5,0
55150,2206.0,6,6,0
55175,2207.0,7,7,0
55200,2208.0,5,5,0
55225,2209.0,5,5,0
55250,2210.0,6,6,0
55275,2211.0,6,5,1
55300,2212.0,8,7,1
55325,2213.0,6,6,0
55350,2214.0,5,4,1
55375,2215.0,5,4,1
55400,2216.0,7,7,0
55425,2217.0,6,6,0
55450,2218.0,4,4,0
55475,2219.0,4,4,0
55500,2220.0,6,6,0
55525,2221.0,4,3,1
55550,2222.0,2,2,0
55575,2223.0,6,5,1
55600,2224.0,4,4,0
55625,2225.0,2,2,0
55650,2226.0,3,3,0
55675,2227.0,6,6,0
55700,2228.0,8,7,1
55725,2229.0,7,5,2
55750,2230.0,10,9,1
55775,2231.0,15,13,2
55800,2232.0,11,8,3
55825,2233.0,10,7,3
55850,2234.0,13,9,4
55875,2235.0,8,7,1
55900,2236.0,11,8,3
55925,2237.0,6,6,0
55950,2238.0,5,4,1
55975,2239.0,5,5,0
56000,2240.0,7,7,0
56025,2241.0,6,5,1
56050,2242.0,6,5,1
56075,2243.0,6,6,0
56100,2244.0,6,6,0
56125,2245.0,5,5,0
56150,2246.0,5,5,0
56175,2247.0,6,6,0
56200,2248.0,6,6,0
56225,2249.0,4,4,0
56250,2250.0,7,6,1
56275,2251.0,8,8,0
56300,2252.0,9,9,0
56325,2253.0,9,9,0
56350,2254.0,9,9,0
56375,2255.0,10,10,0
56400,2256.0,8,8,0
56425,2257.0,6,6,0
56450,2258.0,5,5,0
56475,2259.0,5,5,0
56500,2260.0,5,5,0
56525,2261.0,5,5,0
56550,2262.0,5,5,0
56575,2263.0,9,8,1
56600,2264.0,8,6,2
56625,2265.0,5,4,1
56650,2266.0,5,4,1
56675,2267.0,3,1,2
56700,2268.0,3,2,1
56725,2269.0,5,4,1
56750,2270.0,3,3,0
56775,2271.0,3,3,0
56800,2272.0,3,2,1
56825,2273.0,1,1,0
56850,2274.0,4,4,0
56875,2275.0,3,3,0
56900,2276.0,3,3,0
56925,2277.0,4,4,0
56950,2278.0,2,2,0
56975,2279.0,6,6,0
57000,2280.0,9,7,2
57025,2281.0,10,8,2
57050,2282.0,9,7,2
57075,2283.0,7,5,2
57100,2284.0,7,7,0
57125,2285.0,8,8,0
57150,2286.0,8,8,0
57175,2287.0,10,9,1
57200,2288.0,9,9,0
57225,2289.0,10,10,0
57250,2290.0,10,10,0
57275,2291.0,8,8,0
57300,2292.0,10,10,0
57325,2293.0,7,7,0
57350,2294.0,6,6,0
57375,2295.0,6,6,0
57400,2296.0,4,4,0
57425,2297.0,3,3,0
57450,2298.0,2,1,1
57475,2299.0,2,0,2
57500,2300.0,6,4,2
57525,2301.0,9,9,0
57550,2302.0,4,4,0
57575,2303.0,5,5,0
57600,2304.0,6,6,0
57625,2305.0,5,4,1
57650,2306.0,4,3,1
57675,2307.0,9,8,1
57700,2308.0,11,9,2
57725,2309.0,6,6,0
57750,2310.0,10,9,1
57775,2311.0,8,7,1
57800,2312.0,7,6,1
57825,2313.0,8,8,0
57850,2314.0,9,7,2
57875,2315.0,8,7,1
57900,2316.0,4,4,0
57925,2317.0,3,2,1
57950,2318.0,3,2,1
57975,2319.0,4,2,2
58000,2320.0,5,4,1
58025,2321.0,5,4,1
58050,2322.0,7,6,1
58075,2323.0,5,5,0
58100,2324.0,4,4,0
58125,2325.0,2,2,0
58150,2326.0,4,4,0
58175,2327.0,5,5,0
58200,2328.0,4,4,0
58225,2329.0,7,7,0
58250,2330.0,5,5,0
58275,2331.0,6,5,1
58300,2332.0,5,5,0
58325,2333.0,5,5,0
58350,2334.0,6,5,1
58375,2335.0,3,3,0
58400,2336.0,3,3,0
58425,2337.0,4,4,0
58450,2338.0,3,3,0
58475,2339.0,2,1,1
58500,2340.0,1,1,0
58525,2341.0,2,1,1
58550,2342.0,4,4,0
58575,2343.0,8,8,0
58600,2344.0,9,9,0
58625,2345.0,7,7,0
58650,2346.0,5,5,0
58675,2347.0,5,5,0
58700,2348.0,3,3,0
58725,2349.0,3,3,0
58750,2350.0,5,5,0
58775,2351.0,3,3,0
58800,2352.0,3,3,0
58825,2353.0,4,4,0
58850,2354.0,3,3,0
58875,2355.0,3,3,0
58900,2356.0,2,2,0
58925,2357.0,1,1,0
58950,2358.0,2,2,0
58975,2359.0,7,7,0
59000,2360.0,7,7,0
59025,2361.0,3,3,0
59050,2362.0,4,3,1
59075,2363.0,5,5,0
59100,2364.0,7,6,1
59125,2365.0,10,9,1
59150,2366.0,15,14,1
59175,2367.0,9,9,0
59200,2368.0,8,8,0
59225,2369.0,10,8,2
59250,2370.0,12,11,1
59275,2371.0,9,7,2
59300,2372.0,10,6,4
59325,2373.0,8,7,1
59350,2374.0,8,7,1
59375,2375.0,7,6,1
59400,2376.0,7,6,1
59425,2377.0,7,6,1
59450,2378.0,1,1,0
59475,2379.0,2,2,0
59500,2380.0,3,3,0
59525,2381.0,2,2,0
59550,2382.0,2,2,0
59575,2383.0,1,1,0
59600,2384.0,2,2,0
59625,2385.0,2,2,0
59650,2386.0,5,5,0
59675,2387.0,5,5,0
59700,2388.0,7,7,0
59725,2389.0,7,7,0
59750,2390.0,4,4,0
59775,2391.0,6,6,0
59800,2392.0,6,6,0
59825,2393.0,4,3,1
59850,2394.0,7,6,1
59875,2395.0,5,4,1
59900,2396.0,6,5,1
59925,2397.0,3,3,0
59950,2398.0,5,3,2
59975,2399.0,3,2,1
60000,2400.0,4,3,1
60025,2401.0,3,3,0
60050,2402.0,3,2,1
60075,2403.0,4,4,0
60100,2404.0,3,3,0
60125,2405.0,2,1,1
60150,2406.0,2,2,0
60175,2407.0,5,5,0
60200,2408.0,4,4,0
60225,2409.0,5,5,0
60250,2410.0,7,7,0
60275,2411.0,4,4,0
60300,2412.0,4,4,0
60325,2413.0,5,5,0
60350,2414.0,4,3,1
60375,2415.0,4,4,0
60400,2416.0,1,1,0
60425,2417.0,3,2,1
60450,2418.0,1,0,1
60475,2419.0,2,2,0
60500,2420.0,3,3,0
60525,2421.0,5,4,1
60550,2422.0,6,6,0
60575,2423.0,3,3,0
60600,2424.0,3,3,0
60625,2425.0,4,3,1
60650,2426.0,6,4,2
60675,2427.0,6,4,2
60700,2428.0,7,6,1
60725,2429.0,5,3,2
60750,2430.0,7,5,2
60775,2431.0,3,3,0
60800,2432.0,1,1,0
60825,2433.0,3,3,0
60850,2434.0,4,4,0
60875,2435.0,5,4,1
60900,2436.0,7,4,3
60925,2437.0,9,6,3
60950,2438.0,7,6,1
60975,2439.0,4,4,0
61000,2440.0,4,4,0
61025,2441.0,5,4,1
61050,2442.0,6,5,1
61075,2443.0,3,3,0
61100,2444.0,3,3,0
61125,2445.0,1,1,0
61150,2446.0,3,3,0
61175,2447.0,5,5,0
61200,2448.0,4,4,0
61225,2449.0,5,4,1
61250,2450.0,3,3,0
61275,2451.0,0,0,0
61300,2452.0,0,0,0
61325,2453.0,2,2,0
61350,2454.0,3,3,0
61375,2455.0,2,1,1
61400,2456.0,2,1,1
61425,2457.0,2,1,1
61450,2458.0,4,2,2
61475,2459.0,2,1,1
61500,2460.0,0,0,0
61525,2461.0,2,2,0
61550,2462.0,0,0,0
61575,2463.0,1,1,0
61600,2464.0,0,0,0
61625,2465.0,0,0,0
61650,2466.0,0,0,0
61675,2467.0,2,2,0
61700,2468.0,2,2,0
61725,2469.0,4,2,2
61750,2470.0,6,3,3
61775,2471.0,9,4,5
61800,2472.0,12,8,4
61825,2473.0,8,5,3
61850,2474.0,10,7,3
61875,2475.0,10,9,1
61900,2476.0,11,10,1
61925,2477.0,11,11,0
61950,2478.0,8,8,0
61975,2479.0,5,5,0
62000,2480.0,4,4,0
62025,2481.0,5,4,1
62050,2482.0,4,4,0
62075,2483.0,6,6,0
62100,2484.0,6,6,0
62125,2485.0,5,5,0
62150,2486.0,3,3,0
62175,2487.0,3,3,0
62200,2488.0,5,4,1
62225,2489.0,3,2,1
62250,2490.0,3,1,2
62275,2491.0,3,2,1
62300,2492.0,2,2,0
62325,2493.0,0,0,0
62350,2494.0,2,2,0
62375,2495.0,2,2,0
62400,2496.0,4,4,0
62425,2497.0,6,5,1
62450,2498.0,4,3,1
62475,2499.0,6,3,3
62500,2500.0,5,3,2
62525,2501.0,6,3,3
62550,2502.0,4,1,3
62575,2503.0,0,0,0
62600,2504.0,0,0,0
62625,2505.0,2,2,0
62650,2506.0,2,2,0
62675,2507.0,2,2,0
62700,2508.0,2,2,0
62725,2509.0,0,0,0
62750,2510.0,1,1,0
62775,2511.0,1,1,0
62800,2512.0,4,4,0
62825,2513.0,4,4,0
62850,2514.0,4,3,1
62875,2515.0,4,4,0
62900,2516.0,10,8,2
62925,2517.0,9,7,2
62950,2518.0,7,6,1
62975,2519.0,6,5,1
63000,2520.0,4,4,0
63025,2521.0,4,4,0
63050,2522.0,5,4,1
63075,2523.0,3,2,1
63100,2524.0,2,2,0
63125,2525.0,4,2,2
63150,2526.0,10,8,2
63175,2527.0,6,5,1
63200,2528.0,4,4,0
63225,2529.0,3,3,0
63250,2530.0,6,5,1
63275,2531.0,3,3,0
63300,2532.0,4,4,0
63325,2533.0,5,5,0
63350,2534.0,7,7,0
63375,2535.0,6,6,0
63400,2536.0,4,4,0
63425,2537.0,5,5,0
63450,2538.0,4,4,0
63475,2539.0,3,3,0
63500,2540.0,5,5,0
63525,2541.0,4,4,0
63550,2542.0,9,9,0
63575,2543.0,9,9,0
63600,2544.0,7,7,0
63625,2545.0,6,5,1
63650,2546.0,6,4,2
63675,2547.0,8,6,2
63700,2548.0,5,4,1
63725,2549.0,4,4,0
63750,2550.0,5,4,1
63775,2551.0,6,5,1
63800,2552.0,2,2,0
63825,2553.0,3,3,0
63850,2554.0,5,5,0
63875,2555.0,7,6,1
63900,2556.0,4,3,1
63925,2557.0,8,7,1
63950,2558.0,10,9,1
63975,2559.0,13,10,3
64000,2560.0,6,5,1
64025,2561.0,5,4,1
64050,2562.0,3,1,2
64075,2563.0,4,3,1
64100,2564.0,10,8,2
64125,2565.0,12,8,4
64150,2566.0,12,8,4
64175,2567.0,5,4,1
64200,2568.0,8,6,2
64225,2569.0,9,8,1
64250,2570.0,6,5,1
64275,2571.0,5,5,0
64300,2572.0,3,3,0
64325,2573.0,1,1,0
64350,2574.0,2,2,0
64375,2575.0,3,3,0
64400,2576.0,2,2,0
64425,2577.0,4,4,0
64450,2578.0,2,2,0
64475,2579.0,5,5,0
64500,2580.0,3,3,0
64525,2581.0,1,1,0
64550,2582.0,3,2,1
64575,2583.0,1,1,0
64600,2584.0,3,3,0
64625,2585.0,0,0,0
64650,2586.0,3,3,0
64675,2587.0,3,3,0
64700,2588.0,4,4,0
64725,2589.0,6,6,0
64750,2590.0,8,7,1
64775,2591.0,4,4,0
64800,2592.0,7,6,1
64825,2593.0,12,12,0
64850,2594.0,12,10,2
64875,2595.0,11,11,0
64900,2596.0,11,10,1
64925,2597.0,11,11,0
64950,2598.0,13,13,0
64975,2599.0,14,12,2
65000,2600.0,15,15,0
65025,2601.0,13,13,0
65050,2602.0,15,14,1
65075,2603.0,15,13,2
65100,2604.0,13,9,4
65125,2605.0,13,10,3
65150,2606.0,14,10,4
65175,2607.0,16,12,4
65200,2608.0,7,5,2
65225,2609.0,10,10,0
65250,2610.0,11,9,2
65275,2611.0,9,8,1
65300,2612.0,8,8,0
65325,2613.0,12,12,0
65350,2614.0,9,9,0
65375,2615.0,12,12,0
65400,2616.0,8,7,1
65425,2617.0,10,9,1
65450,2618.0,10,9,1
65475,2619.0,7,6,1
65500,2620.0,7,7,0
65525,2621.0,3,3,0
65550,2622.0,0,0,0
65575,2623.0,2,1,1
65600,2624.0,3,2,1
65625,2625.0,7,6,1
65650,2626.0,3,2,1
65675,2627.0,7,5,2
65700,2628.0,10,7,3
65725,2629.0,12,10,2
65750,2630.0,9,8,1
65775,2631.0,10,8,2
65800,2632.0,5,4,1
65825,2633.0,3,3,0
65850,2634.0,3,3,0
65875,2635.0,5,3,2
65900,2636.0,9,5,4
65925,2637.0,14,9,5
65950,2638.0,14,8,6
65975,2639.0,15,7,8
66000,2640.0,19,11,8
66025,2641.0,18,10,8
66050,2642.0,15,12,3
66075,2643.0,18,13,5
66100,2644.0,10,9,1
66125,2645.0,9,7,2
66150,2646.0,4,3,1
66175,2647.0,3,3,0
66200,2648.0,3,2,1
66225,2649.0,2,2,0
66250,2650.0,1,1,0
66275,2651.0,1,1,0
66300,2652.0,1,1,0
66325,2653.0,4,4,0
66350,2654.0,2,2,0
66375,2655.0,0,0,0
66400,2656.0,0,0,0
66425,2657.0,2,2,0
66450,2658.0,1,1,0
66475,2659.0,2,2,0
66500,2660.0,1,1,0
66525,2661.0,3,3,0
66550,2662.0,4,4,0
66575,2663.0,5,5,0
66600,2664.0,6,6,0
66625,2665.0,6,6,0
66650,2666.0,6,5,1
66675,2667.0,6,5,1
66700,2668.0,8,6,2
66725,2669.0,7,5,2
66750,2670.0,6,5,1
66775,2671.0,7,6,1
66800,2672.0,6,5,1
66825,2673.0,8,7,1
66850,2674.0,6,6,0
66875,2675.0,4,4,0
66900,2676.0,5,4,1
66925,2677.0,4,4,0
66950,2678.0,4,4,0
66975,2679.0,4,4,0
67000,2680.0,4,3,1
67025,2681.0,2,2,0
67050,2682.0,3,2,1
67075,2683.0,4,4,0
67100,2684.0,3,1,2
67125,2685.0,3,2,1
67150,2686.0,3,2,1
67175,2687.0,3,2,1
67200,2688.0,2,2,0
67225,2689.0,9,7,2
67250,2690.0,9,8,1
67275,2691.0,9,8,1
67300,2692.0,8,7,1
67325,2693.0,6,6,0
67350,2694.0,8,8,0
67375,2695.0,9,8,1
67400,2696.0,8,5,3
67425,2697.0,6,5,1
67450,2698.0,5,5,0
67475,2699.0,3,2,1
67500,2700.0,3,3,0
67525,2701.0,3,3,0
67550,2702.0,5,5,0
67575,2703.0,5,5,0
67600,2704.0,3,3,0
67625,2705.0,5,5,0
67650,2706.0,7,5,2
67675,2707.0,4,2,2
67700,2708.0,3,1,2
67725,2709.0,6,3,3
67750,2710.0,7,3,4
67775,2711.0,7,3,4
67800,2712.0,8,4,4
67825,2713.0,5,3,2
67850,2714.0,4,2,2
67875,2715.0,6,4,2
67900,2716.0,5,5,0
67925,2717.0,7,7,0
67950,2718.0,3,3,0
67975,2719.0,1,1,0
68000,2720.0,2,2,0
68025,2721.0,4,4,0
68050,2722.0,5,4,1
68075,2723.0,4,4,0
68100,2724.0,5,5,0
68125,2725.0,5,4,1
68150,2726.0,7,7,0
68175,2727.0,8,6,2
68200,2728.0,4,3,1
68225,2729.0,4,3,1
68250,2730.0,4,3,1
68275,2731.0,3,3,0
68300,2732.0,6,6,0
68325,2733.0,5,5,0
68350,2734.0,2,2,0
68375,2735.0,2,2,0
68400,2736.0,2,2,0
68425,2737.0,0,0,0
68450,2738.0,0,0,0
68475,2739.0,0,0,0
68500,2740.0,0,0,0
68525,2741.0,0,0,0
68550,2742.0,0,0,0
68575,2743.0,1,1,0
68600,2744.0,2,2,0
68625,2745.0,0,0,0
68650,2746.0,3,3,0
68675,2747.0,8,8,0
68700,2748.0,8,8,0
68725,2749.0,10,8,2
68750,2750.0,8,6,2
68775,2751.0,5,3,2
68800,2752.0,7,4,3
68825,2753.0,6,2,4
68850,2754.0,3,3,0
68875,2755.0,6,4,2
68900,2756.0,7,5,2
68925,2757.0,6,5,1
68950,2758.0,6,5,1
68975,2759.0,5,2,3
69000,2760.0,4,4,0
69025,2761.0,6,4,2
69050,2762.0,6,4,2
69075,2763.0,4,3,1
69100,2764.0,3,2,1
69125,2765.0,5,3,2
69150,2766.0,4,2,2
69175,2767.0,3,2,1
69200,2768.0,4,1,3
69225,2769.0,1,1,0
69250,2770.0,0,0,0
69275,2771.0,1,1,0
69300,2772.0,4,3,1
69325,2773.0,4,2,2
69350,2774.0,3,2,1
69375,2775.0,3,2,1
69400,2776.0,1,1,0
69425,2777.0,1,1,0
69450,2778.0,6,5,1
69475,2779.0,5,5,0
69500,2780.0,5,5,0
69525,2781.0,5,5,0
69550,2782.0,2,2,0
69575,2783.0,1,1,0
69600,2784.0,1,1,0
69625,2785.0,2,1,1
69650,2786.0,3,2,1
69675,2787.0,8,7,1
69700,2788.0,6,6,0
69725,2789.0,2,2,0
69750,2790.0,2,2,0
69775,2791.0,1,1,0
69800,2792.0,2,2,0
69825,2793.0,1,1,0
69850,2794.0,0,0,0
69875,2795.0,2,2,0
69900,2796.0,3,3,0
69925,2797.0,2,2,0
69950,2798.0,2,2,0
69975,2799.0,4,3,1
70000,2800.0,5,5,0
70025,2801.0,3,3,0
70050,2802.0,3,3,0
70075,2803.0,6,5,1
70100,2804.0,6,5,1
70125,2805.0,5,4,1
70150,2806.0,3,3,0
70175,2807.0,6,6,0
70200,2808.0,4,4,0
70225,2809.0,4,4,0
70250,2810.0,2,2,0
70275,2811.0,2,2,0
70300,2812.0,4,4,0
70325,2813.0,2,2,0
70350,2814.0,3,3,0
70375,2815.0,3,3,0
70400,2816.0,3,3,0
70425,2817.0,2,2,0
70450,2818.0,3,2,1
70475,2819.0,8,8,0
70500,2820.0,5,5,0
70525,2821.0,10,9,1
70550,2822.0,8,8,0
70575,2823.0,7,6,1
70600,2824.0,7,5,2
70625,2825.0,4,3,1
70650,2826.0,1,1,0
70675,2827.0,3,3,0
70700,2828.0,4,3,1
70725,2829.0,5,4,1
70750,2830.0,4,3,1
70775,2831.0,6,5,1
70800,2832.0,5,4,1
70825,2833.0,5,5,0
70850,2834.0,4,4,0
70875,2835.0,3,3,0
70900,2836.0,2,2,0
70925,2837.0,1,1,0
70950,2838.0,2,2,0
70975,2839.0,2,2,0
71000,2840.0,5,4,1
71025,2841.0,3,1,2
71050,2842.0,4,2,2
71075,2843.0,5,2,3
71100,2844.0,7,3,4
71125,2845.0,11,7,4
71150,2846.0,12,8,4
71175,2847.0,6,6,0
71200,2848.0,4,2,2
71225,2849.0,3,2,1
71250,2850.0,4,3,1
71275,2851.0,4,3,1
71300,2852.0,3,3,0
71325,2853.0,2,2,0
71350,2854.0,4,4,0
71375,2855.0,4,4,0
71400,2856.0,6,6,0
71425,2857.0,7,7,0
71450,2858.0,11,11,0
71475,2859.0,8,8,0
71500,2860.0,8,7,1
71525,2861.0,5,4,1
71550,2862.0,3,3,0
71575,2863.0,4,4,0
71600,2864.0,4,4,0
71625,2865.0,3,3,0
71650,2866.0,4,4,0
71675,2867.0,2,2,0
71700,2868.0,4,3,1
71725,2869.0,2,2,0
71750,2870.0,2,2,0
71775,2871.0,1,1,0
71800,2872.0,1,0,1
71825,2873.0,1,0,1
71850,2874.0,1,0,1
71875,2875.0,1,1,0
71900,2876.0,3,2,1
71925,2877.0,4,4,0
71950,2878.0,5,5,0
71975,2879.0,6,6,0
72000,2880.0,6,6,0
72025,2881.0,7,7,0
72050,2882.0,7,7,0
72075,2883.0,7,6,1
72100,2884.0,7,6,1
72125,2885.0,5,4,1
72150,2886.0,2,1,1
72175,2887.0,2,2,0
72200,2888.0,3,3,0
72225,2889.0,2,2,0
72250,2890.0,2,2,0
72275,2891.0,3,3,0
72300,2892.0,1,1,0
72325,2893.0,0,0,0
72350,2894.0,1,0,1
72375,2895.0,0,0,0
72400,2896.0,1,1,0
72425,2897.0,1,1,0
72450,2898.0,4,4,0
72475,2899.0,3,3,0
72500,2900.0,1,1,0
72525,2901.0,3,2,1
72550,2902.0,2,1,1
72575,2903.0,0,0,0
72600,2904.0,1,1,0
72625,2905.0,3,3,0
72650,2906.0,5,5,0
72675,2907.0,2,2,0
72700,2908.0,5,5,0
72725,2909.0,4,3,1
72750,2910.0,5,4,1
72775,2911.0,6,5,1
72800,2912.0,4,4,0
72825,2913.0,2,2,0
72850,2914.0,3,3,0
72875,2915.0,2,2,0
72900,2916.0,2,2,0
72925,2917.0,0,0,0
72950,2918.0,0,0,0
72975,2919.0,0,0,0
73000,2920.0,2,1,1
73025,2921.0,1,0,1
73050,2922.0,2,1,1
73075,2923.0,0,0,0
73100,2924.0,0,0,0
73125,2925.0,1,0,1
73150,2926.0,1,0,1
73175,2927.0,1,0,1
73200,2928.0,1,0,1
73225,2929.0,2,1,1
73250,2930.0,1,1,0
73275,2931.0,3,3,0
73300,2932.0,4,4,0
73325,2933.0,2,2,0
73350,2934.0,2,2,0
73375,2935.0,2,2,0
73400,2936.0,6,6,0
73425,2937.0,3,3,0
73450,2938.0,2,2,0
73475,2939.0,2,2,0
73500,2940.0,3,3,0
73525,2941.0,3,3,0
73550,2942.0,6,5,1
73575,2943.0,9,9,0
73600,2944.0,6,6,0
73625,2945.0,4,4,0
73650,2946.0,1,1,0
73675,2947.0,4,4,0
73700,2948.0,4,2,2
73725,2949.0,2,1,1
73750,2950.0,6,4,2
73775,2951.0,8,7,1
73800,2952.0,4,3,1
73825,2953.0,2,2,0
73850,2954.0,4,3,1
73875,2955.0,4,4,0
73900,2956.0,3,3,0
73925,2957.0,5,4,1
73950,2958.0,5,3,2
73975,2959.0,3,3,0
74000,2960.0,3,3,0
74025,2961.0,6,6,0
74050,2962.0,5,4,1
74075,2963.0,7,6,1
74100,2964.0,7,5,2
74125,2965.0,7,5,2
74150,2966.0,6,5,1
74175,2967.0,7,5,2
74200,2968.0,6,5,1
74225,2969.0,4,4,0
74250,2970.0,2,2,0
74275,2971.0,3,3,0
74300,2972.0,3,2,1
74325,2973.0,3,2,1
74350,2974.0,1,1,0
74375,2975.0,2,2,0
74400,2976.0,3,3,0
74425,2977.0,4,4,0
74450,2978.0,3,2,1
74475,2979.0,3,3,0
74500,2980.0,6,5,1
74525,2981.0,7,7,0
74550,2982.0,4,4,0
74575,2983.0,7,7,0
74600,2984.0,10,10,0
74625,2985.0,12,12,0
74650,2986.0,11,11,0
74675,2987.0,10,9,1
74700,2988.0,11,11,0
74725,2989.0,9,9,0
74750,2990.0,8,8,0
74775,2991.0,5,5,0
74800,2992.0,7,7,0
74825,2993.0,4,4,0
74850,2994.0,5,5,0
74875,2995.0,4,4,0
74900,2996.0,3,3,0
74925,2997.0,1,1,0
74950,2998.0,1,1,0
74975,2999.0,1,1,0
75000,3000.0,0,0,0
75025,3001.0,2,2,0
75050,3002.0,3,3,0
75075,3003.0,3,3,0
75100,3004.0,4,3,1
75125,3005.0,3,3,0
75150,3006.0,7,7,0
75175,3007.0,9,8,1
75200,3008.0,7,6,1
75225,3009.0,7,5,2
75250,3010.0,12,12,0
75275,3011.0,9,7,2
75300,3012.0,10,8,2
75325,3013.0,8,6,2
75350,3014.0,4,3,1
75375,3015.0,5,4,1
75400,3016.0,3,3,0
75425,3017.0,3,2,1
75450,3018.0,2,2,0
75475,3019.0,4,4,0
75500,3020.0,1,1,0
75525,3021.0,3,3,0
75550,3022.0,10,10,0
75575,3023.0,9,9,0
75600,3024.0,10,9,1
75625,3025.0,10,10,0
75650,3026.0,8,8,0
75675,3027.0,7,7,0
75700,3028.0,5,5,0
75725,3029.0,3,3,0
75750,3030.0,2,2,0
75775,3031.0,1,0,1
75800,3032.0,2,1,1
75825,3033.0,4,2,2
75850,3034.0,3,2,1
75875,3035.0,6,5,1
75900,3036.0,7,6,1
75925,3037.0,6,5,1
75950,3038.0,9,7,2
75975,3039.0,8,6,2
76000,3040.0,8,7,1
76025,3041.0,6,6,0
76050,3042.0,9,8,1
76075,3043.0,9,8,1
76100,3044.0,10,8,2
76125,3045.0,9,7,2
76150,3046.0,12,11,1
76175,3047.0,11,10,1
76200,3048.0,10,10,0
76225,3049.0,6,6,0
76250,3050.0,7,6,1
76275,3051.0,5,5,0
76300,3052.0,6,6,0
76325,3053.0,4,4,0
76350,3054.0,5,5,0
76375,3055.0,4,4,0
76400,3056.0,6,5,1
76425,3057.0,7,5,2
76450,3058.0,7,7,0
76475,3059.0,8,7,1
76500,3060.0,9,9,0
76525,3061.0,9,7,2
76550,3062.0,9,6,3
76575,3063.0,4,3,1
76600,3064.0,5,5,0
76625,3065.0,2,2,0
76650,3066.0,2,2,0
76675,3067.0,5,5,0
76700,3068.0,6,6,0
76725,3069.0,5,4,1
76750,3070.0,4,3,1
76775,3071.0,1,1,0
76800,3072.0,2,1,1
76825,3073.0,2,2,0
76850,3074.0,0,0,0
76875,3075.0,0,0,0
76900,3076.0,0,0,0
76925,3077.0,1,1,0
76950,3078.0,0,0,0
76975,3079.0,1,1,0
77000,3080.0,0,0,0
77025,3081.0,0,0,0
77050,3082.0,2,2,0
77075,3083.0,3,3,0
77100,3084.0,4,3,1
77125,3085.0,3,3,0
77150,3086.0,3,3,0
77175,3087.0,4,4,0
77200,3088.0,3,3,0
77225,3089.0,3,3,0
77250,3090.0,4,4,0
77275,3091.0,2,2,0
77300,3092.0,3,3,0
77325,3093.0,3,3,0
77350,3094.0,5,5,0
77375,3095.0,5,5,0
77400,3096.0,6,6,0
77425,3097.0,4,3,1
77450,3098.0,12,10,2
77475,3099.0,10,9,1
77500,3100.0,8,8,0
77525,3101.0,8,8,0
77550,3102.0,5,5,0
77575,3103.0,11,10,1
77600,3104.0,8,7,1
77625,3105.0,5,5,0
77650,3106.0,5,5,0
77675,3107.0,4,4,0
77700,3108.0,5,4,1
77725,3109.0,6,6,0
77750,3110.0,7,6,1
77775,3111.0,5,5,0
77800,3112.0,11,10,1
77825,3113.0,9,7,2
77850,3114.0,9,8,1
77875,3115.0,11,10,1
77900,3116.0,10,7,3
77925,3117.0,7,5,2
77950,3118.0,7,5,2
77975,3119.0,6,5,1
78000,3120.0,5,4,1
78025,3121.0,6,6,0
78050,3122.0,6,5,1
78075,3123.0,7,6,1
78100,3124.0,7,6,1
78125,3125.0,6,6,0
78150,3126.0,8,7,1
78175,3127.0,7,7,0
78200,3128.0,4,4,0
78225,3129.0,6,6,0
78250,3130.0,5,5,0
78275,3131.0,0,0,0
78300,3132.0,1,1,0
78325,3133.0,1,1,0
78350,3134.0,2,2,0
78375,3135.0,6,6,0
78400,3136.0,7,7,0
78425,3137.0,3,3,0
78450,3138.0,7,7,0
78475,3139.0,6,5,1
78500,3140.0,6,5,1
78525,3141.0,7,6,1
78550,3142.0,7,5,2
78575,3143.0,8,7,1
78600,3144.0,7,6,1
78625,3145.0,7,6,1
78650,3146.0,7,6,1
78675,3147.0,7,6,1
78700,3148.0,5,4,1
78725,3149.0,6,5,1
78750,3150.0,5,5,0
78775,3151.0,5,5,0
78800,3152.0,5,5,0
78825,3153.0,6,5,1
78850,3154.0,4,4,0
78875,3155.0,4,4,0
78900,3156.0,7,7,0
78925,3157.0,10,10,0
78950,3158.0,8,8,0
78975,3159.0,11,11,0
79000,3160.0,11,10,1
79025,3161.0,7,7,0
79050,3162.0,7,7,0
79075,3163.0,4,4,0
79100,3164.0,5,5,0
79125,3165.0,4,4,0
79150,3166.0,4,4,0
79175,3167.0,4,4,0
79200,3168.0,4,4,0
79225,3169.0,3,3,0
79250,3170.0,4,4,0
79275,3171.0,5,5,0
79300,3172.0,6,6,0
79325,3173.0,8,7,1
79350,3174.0,9,8,1
79375,3175.0,8,8,0
79400,3176.0,6,5,1
79425,3177.0,7,5,2
79450,3178.0,5,5,0
79475,3179.0,6,6,0
79500,3180.0,5,5,0
79525,3181.0,6,6,0
79550,3182.0,4,4,0
79575,3183.0,4,4,0
79600,3184.0,4,4,0
79625,3185.0,9,8,1
79650,3186.0,5,4,1
79675,3187.0,5,4,1
79700,3188.0,4,4,0
79725,3189.0,3,3,0
79750,3190.0,2,2,0
79775,3191.0,4,4,0
79800,3192.0,2,2,0
79825,3193.0,5,4,1
79850,3194.0,6,5,1
79875,3195.0,7,5,2
79900,3196.0,7,5,2
79925,3197.0,5,2,3
79950,3198.0,5,4,1
79975,3199.0,7,5,2
80000,3200.0,3,3,0
80025,3201.0,6,6,0
80050,3202.0,5,4,1
80075,3203.0,7,6,1
80100,3204.0,4,3,1
80125,3205.0,6,4,2
80150,3206.0,8,6,2
80175,3207.0,5,4,1
80200,3208.0,7,6,1
80225,3209.0,7,6,1
80250,3210.0,7,7,0
80275,3211.0,4,4,0
80300,3212.0,5,5,0
80325,3213.0,3,3,0
80350,3214.0,4,2,2
80375,3215.0,6,4,2
80400,3216.0,5,4,1
80425,3217.0,4,3,1
80450,3218.0,2,1,1
80475,3219.0,3,3,0
80500,3220.0,4,3,1
80525,3221.0,2,2,0
80550,3222.0,10,8,2
80575,3223.0,6,6,0
80600,3224.0,8,8,0
80625,3225.0,7,7,0
80650,3226.0,8,6,2
80675,3227.0,6,4,2
80700,3228.0,5,4,1
80725,3229.0,6,5,1
80750,3230.0,5,4,1
80775,3231.0,5,5,0
80800,3232.0,10,6,4
80825,3233.0,5,4,1
80850,3234.0,4,4,0
80875,3235.0,4,4,0
80900,3236.0,5,5,0
80925,3237.0,8,8,0
80950,3238.0,5,5,0
80975,3239.0,7,6,1
81000,3240.0,10,9,1
81025,3241.0,13,10,3
81050,3242.0,9,7,2
81075,3243.0,8,8,0
81100,3244.0,9,9,0
81125,3245.0,9,6,3
81150,3246.0,11,10,1
81175,3247.0,11,9,2
81200,3248.0,6,6,0
81225,3249.0,7,5,2
81250,3250.0,6,5,1
81275,3251.0,5,4,1
81300,3252.0,3,3,0
81325,3253.0,8,8,0
81350,3254.0,7,7,0
81375,3255.0,8,8,0
81400,3256.0,6,6,0
81425,3257.0,6,6,0
81450,3258.0,10,10,0
81475,3259.0,7,7,0
81500,3260.0,9,9,0
81525,3261.0,9,9,0
81550,3262.0,10,8,2
81575,3263.0,12,10,2
81600,3264.0,9,7,2
81625,3265.0,9,8,1
81650,3266.0,5,5,0
81675,3267.0,3,3,0
81700,3268.0,4,4,0
81725,3269.0,5,5,0
81750,3270.0,4,4,0
81775,3271.0,4,4,0
81800,3272.0,4,3,1
81825,3273.0,4,3,1
81850,3274.0,6,4,2
81875,3275.0,4,3,1
81900,3276.0,2,2,0
81925,3277.0,2,2,0
81950,3278.0,3,2,1
81975,3279.0,2,2,0
82000,3280.0,3,3,0
82025,3281.0,5,5,0
82050,3282.0,5,5,0
82075,3283.0,6,6,0
82100,3284.0,7,7,0
82125,3285.0,5,5,0
82150,3286.0,2,2,0
82175,3287.0,0,0,0
82200,3288.0,5,5,0
82225,3289.0,4,4,0
82250,3290.0,3,3,0
82275,3291.0,4,4,0
82300,3292.0,2,2,0
82325,3293.0,1,1,0
82350,3294.0,1,1,0
82375,3295.0,1,1,0
82400,3296.0,0,0,0
82425,3297.0,3,2,1
82450,3298.0,3,2,1
82475,3299.0,4,3,1
82500,3300.0,3,2,1
82525,3301.0,2,2,0
82550,3302.0,4,4,0
82575,3303.0,5,4,1
82600,3304.0,7,4,3
82625,3305.0,8,4,4
82650,3306.0,8,4,4
82675,3307.0,5,4,1
82700,3308.0,4,3,1
82725,3309.0,4,3,1
82750,3310.0,2,0,2
82775,3311.0,1,0,1
82800,3312.0,2,2,0
82825,3313.0,3,3,0
82850,3314.0,4,3,1
82875,3315.0,1,1,0
82900,3316.0,0,0,0
82925,3317.0,0,0,0
82950,3318.0,1,0,1
82975,3319.0,1,0,1
83000,3320.0,2,0,2
83025,3321.0,3,2,1
83050,3322.0,5,4,1
83075,3323.0,4,3,1
83100,3324.0,9,9,0
83125,3325.0,7,7,0
83150,3326.0,5,5,0
83175,3327.0,4,4,0
83200,3328.0,11,11,0
83225,3329.0,7,7,0
83250,3330.0,13,13,0
83275,3331.0,8,8,0
83300,3332.0,8,8,0
83325,3333.0,5,5,0
83350,3334.0,6,6,0
83375,3335.0,6,6,0
83400,3336.0,1,1,0
83425,3337.0,2,2,0
83450,3338.0,3,3,0
83475,3339.0,2,2,0
83500,3340.0,2,2,0
83525,3341.0,5,5,0
83550,3342.0,7,7,0
83575,3343.0,4,4,0
83600,3344.0,7,7,0
83625,3345.0,9,9,0
83650,3346.0,10,10,0
83675,3347.0,11,10,1
83700,3348.0,6,5,1
83725,3349.0,6,6,0
83750,3350.0,3,3,0
83775,3351.0,3,3,0
83800,3352.0,6,6,0
83825,3353.0,7,7,0
83850,3354.0,7,7,0
83875,3355.0,9,8,1
83900,3356.0,8,7,1
83925,3357.0,5,5,0
83950,3358.0,5,5,0
83975,3359.0,3,2,1
84000,3360.0,3,2,1
84025,3361.0,3,2,1
84050,3362.0,0,0,0
84075,3363.0,3,2,1
84100,3364.0,1,1,0
84125,3365.0,0,0,0
84150,3366.0,0,0,0
84175,3367.0,0,0,0
84200,3368.0,0,0,0
84225,3369.0,1,1,0
84250,3370.0,1,1,0
84275,3371.0,1,1,0
84300,3372.0,2,2,0
84325,3373.0,1,0,1
84350,3374.0,1,0,1
84375,3375.0,0,0,0
84400,3376.0,0,0,0
84425,3377.0,3,3,0
84450,3378.0,2,2,0
84475,3379.0,2,2,0
84500,3380.0,2,2,0
84525,3381.0,4,4,0
84550,3382.0,3,3,0
84575,3383.0,3,3,0
84600,3384.0,5,5,0
84625,3385.0,5,5,0
84650,3386.0,2,2,0
84675,3387.0,1,1,0
84700,3388.0,1,1,0
84725,3389.0,2,2,0
84750,3390.0,2,2,0
84775,3391.0,2,2,0
84800,3392.0,1,1,0
84825,3393.0,0,0,0
84850,3394.0,2,2,0
84875,3395.0,3,2,1
84900,3396.0,3,2,1
84925,3397.0,4,1,3
84950,3398.0,6,3,3
84975,3399.0,7,4,3
85000,3400.0,12,7,5
85025,3401.0,10,6,4
85050,3402.0,12,8,4
85075,3403.0,12,8,4
85100,3404.0,14,10,4
85125,3405.0,10,7,3
85150,3406.0,8,6,2
85175,3407.0,11,9,2
85200,3408.0,10,8,2
85225,3409.0,7,4,3
85250,3410.0,7,6,1
85275,3411.0,4,4,0
85300,3412.0,9,7,2
85325,3413.0,9,8,1
85350,3414.0,12,9,3
85375,3415.0,10,9,1
85400,3416.0,9,7,2
85425,3417.0,8,7,1
85450,3418.0,7,6,1
85475,3419.0,9,7,2
85500,3420.0,5,4,1
85525,3421.0,2,1,1
85550,3422.0,5,5,0
85575,3423.0,2,2,0
85600,3424.0,4,4,0
85625,3425.0,7,7,0
85650,3426.0,5,5,0
85675,3427.0,3,3,0
85700,3428.0,1,1,0
85725,3429.0,1,1,0
85750,3430.0,1,1,0
85775,3431.0,1,1,0
85800,3432.0,1,0,1
85825,3433.0,3,2,1
85850,3434.0,0,0,0
85875,3435.0,3,3,0
85900,3436.0,3,3,0
85925,3437.0,6,6,0
85950,3438.0,5,5,0
85975,3439.0,8,8,0
86000,3440.0,5,4,1
86025,3441.0,2,2,0
86050,3442.0,4,4,0
86075,3443.0,3,2,1
86100,3444.0,0,0,0
86125,3445.0,2,1,1
86150,3446.0,3,2,1
86175,3447.0,4,2,2
86200,3448.0,7,3,4
86225,3449.0,9,4,5
86250,3450.0,10,5,5
86275,3451.0,8,6,2
86300,3452.0,8,5,3
86325,3453.0,4,3,1
86350,3454.0,2,2,0
86375,3455.0,2,2,0
86400,3456.0,1,1,0
86425,3457.0,1,1,0
86450,3458.0,0,0,0
86475,3459.0,2,2,0
86500,3460.0,5,5,0
86525,3461.0,7,7,0
86550,3462.0,6,6,0
86575,3463.0,6,6,0
86600,3464.0,4,4,0
86625,3465.0,4,4,0
86650,3466.0,6,6,0
86675,3467.0,5,5,0
86700,3468.0,5,5,0
86725,3469.0,6,6,0
86750,3470.0,6,6,0
86775,3471.0,8,8,0
86800,3472.0,6,6,0
86825,3473.0,3,3,0
86850,3474.0,2,2,0
86875,3475.0,2,2,0
86900,3476.0,3,3,0
86925,3477.0,2,2,0
86950,3478.0,0,0,0
86975,3479.0,3,2,1
87000,3480.0,1,1,0
87025,3481.0,0,0,0
87050,3482.0,0,0,0
87075,3483.0,2,2,0
87100,3484.0,2,2,0
87125,3485.0,2,2,0
87150,3486.0,1,1,0
87175,3487.0,2,1,1
87200,3488.0,3,3,0
87225,3489.0,5,4,1
87250,3490.0,6,4,2
87275,3491.0,6,5,1
87300,3492.0,10,9,1
87325,3493.0,6,6,0
87350,3494.0,6,5,1
87375,3495.0,4,4,0
87400,3496.0,5,5,0
87425,3497.0,5,4,1
87450,3498.0,5,4,1
87475,3499.0,4,4,0
87500,3500.0,5,3,2
87525,3501.0,3,3,0
87550,3502.0,5,5,0
87575,3503.0,3,3,0
87600,3504.0,4,4,0
87625,3505.0,7,7,0
87650,3506.0,6,6,0
87675,3507.0,7,7,0
87700,3508.0,6,6,0
87725,3509.0,4,2,2
87750,3510.0,3,3,0
87775,3511.0,3,3,0
87800,3512.0,3,3,0
87825,3513.0,2,2,0
87850,3514.0,2,2,0
87875,3515.0,2,2,0
87900,3516.0,4,4,0
87925,3517.0,4,4,0
87950,3518.0,4,4,0
87975,3519.0,2,2,0
88000,3520.0,4,4,0
88025,3521.0,5,5,0
88050,3522.0,7,5,2
88075,3523.0,5,3,2
88100,3524.0,4,2,2
88125,3525.0,5,2,3
88150,3526.0,5,3,2
88175,3527.0,5,3,2
88200,3528.0,4,3,1
88225,3529.0,5,3,2
88250,3530.0,4,3,1
88275,3531.0,2,2,0
88300,3532.0,2,2,0
88325,3533.0,3,2,1
88350,3534.0,2,1,1
88375,3535.0,2,1,1
88400,3536.0,5,4,1
88425,3537.0,4,3,1
88450,3538.0,6,4,2
88475,3539.0,7,6,1
88500,3540.0,11,9,2
88525,3541.0,7,5,2
88550,3542.0,7,6,1
88575,3543.0,8,6,2
88600,3544.0,9,7,2
88625,3545.0,8,7,1
88650,3546.0,6,5,1
88675,3547.0,6,4,2
88700,3548.0,7,4,3
88725,3549.0,5,4,1
88750,3550.0,4,4,0
88775,3551.0,7,7,0
88800,3552.0,4,4,0
88825,3553.0,3,3,0
88850,3554.0,7,4,3
88875,3555.0,4,1,3
88900,3556.0,5,3,2
88925,3557.0,9,6,3
88950,3558.0,10,4,6
88975,3559.0,7,6,1
89000,3560.0,6,3,3
89025,3561.0,8,5,3
89050,3562.0,3,2,1
89075,3563.0,7,7,0
89100,3564.0,6,6,0
89125,3565.0,5,5,0
89150,3566.0,6,6,0
89175,3567.0,3,3,0
89200,3568.0,4,4,0
89225,3569.0,10,10,0
89250,3570.0,14,14,0
89275,3571.0,12,11,1
89300,3572.0,12,11,1
89325,3573.0,11,9,2
89350,3574.0,8,7,1
89375,3575.0,5,4,1
89400,3576.0,8,7,1
89425,3577.0,7,6,1
89450,3578.0,8,7,1
89475,3579.0,6,6,0
89500,3580.0,5,5,0
89525,3581.0,7,6,1
89550,3582.0,8,6,2
89575,3583.0,6,4,2
89600,3584.0,8,6,2
89625,3585.0,8,7,1
89650,3586.0,6,5,1
89675,3587.0,9,7,2
89700,3588.0,4,2,2
89725,3589.0,6,4,2
89750,3590.0,8,5,3
89775,3591.0,6,5,1
89800,3592.0,3,3,0
89825,3593.0,5,4,1
89850,3594.0,6,5,1
89875,3595.0,9,8,1
89900,3596.0,8,6,2
89925,3597.0,11,7,4
89950,3598.0,10,7,3
89975,3599.0,7,6,1
